[0.106, 0.989, 0.103, 190.297]
[0.006, -0.104, 0.995, 36.421]
[0.994, -0.105, -0.017, 189.001]
[0.000, 0.000, 0.000, 1.000]
----------------
[0.106, 0.989, 0.103, 190.297]
[0.006, -0.104, 0.995, 36.421]
[0.994, -0.105, -0.017, 189.001]
[0.000, 0.000, 0.000, 1.000]
----------------
[0.106, 0.989, 0.103, 190.297]
[0.006, -0.104, 0.995, 36.421]
[0.994, -0.105, -0.017, 189.001]
[0.000, 0.000, 0.000, 1.000]
----------------
[0.106, 0.989, 0.103, 190.297]
[0.006, -0.104, 0.995, 36.421]
[0.994, -0.105, -0.017, 189.001]
[0.000, 0.000, 0.000, 1.000]
----------------
[0.106, 0.989, 0.103, 190.297]
[0.006, -0.104, 0.995, 36.421]
[0.994, -0.105, -0.017, 189.001]
[0.000, 0.000, 0.000, 1.000]
----------------
[0.106, 0.989, 0.103, 190.297]
[0.006, -0.104, 0.995, 36.421]
[0.994, -0.105, -0.017, 189.001]
[0.000, 0.000, 0.000, 1.000]
----------------
[0.106, 0.989, 0.103, 190.297]
[0.006, -0.104, 0.995, 36.421]
[0.994, -0.105, -0.017, 189.001]
[0.000, 0.000, 0.000, 1.000]
----------------
[0.106, 0.989, 0.103, 190.297]
[0.006, -0.104, 0.995, 36.421]
[0.994, -0.105, -0.017, 189.001]
[0.000, 0.000, 0.000, 1.000]
----------------
[0.106, 0.989, 0.103, 190.297]
[0.006, -0.104, 0.995, 36.421]
[0.994, -0.105, -0.017, 189.001]
[0.000, 0.000, 0.000, 1.000]
----------------
[0.106, 0.989, 0.103, 190.297]
[0.006, -0.104, 0.995, 36.421]
[0.994, -0.105, -0.017, 189.001]
[0.000, 0.000, 0.000, 1.000]
----------------
[0.106, 0.989, 0.103, 190.297]
[0.006, -0.104, 0.995, 36.421]
[0.994, -0.105, -0.017, 189.001]
[0.000, 0.000, 0.000, 1.000]
----------------
[0.106, 0.989, 0.103, 190.297]
[0.006, -0.104, 0.995, 36.421]
[0.994, -0.105, -0.017, 189.001]
[0.000, 0.000, 0.000, 1.000]
----------------
[0.106, 0.989, 0.103, 190.297]
[0.006, -0.104, 0.995, 36.421]
[0.994, -0.105, -0.017, 189.001]
[0.000, 0.000, 0.000, 1.000]
----------------
[0.106, 0.989, 0.103, 190.297]
[0.006, -0.104, 0.995, 36.421]
[0.994, -0.105, -0.017, 189.001]
[0.000, 0.000, 0.000, 1.000]
----------------
[0.106, 0.989, 0.103, 190.297]
[0.006, -0.104, 0.995, 36.421]
[0.994, -0.105, -0.017, 189.001]
[0.000, 0.000, 0.000, 1.000]
----------------
[0.106, 0.989, 0.103, 190.297]
[0.006, -0.104, 0.995, 36.421]
[0.994, -0.105, -0.017, 189.001]
[0.000, 0.000, 0.000, 1.000]
----------------
[0.106, 0.989, 0.103, 190.297]
[0.006, -0.104, 0.995, 36.421]
[0.994, -0.105, -0.017, 189.001]
[0.000, 0.000, 0.000, 1.000]
----------------
[0.106, 0.989, 0.103, 190.297]
[0.006, -0.104, 0.995, 36.421]
[0.994, -0.105, -0.017, 189.001]
[0.000, 0.000, 0.000, 1.000]
----------------
[0.106, 0.989, 0.103, 190.297]
[0.006, -0.104, 0.995, 36.421]
[0.994, -0.105, -0.017, 189.001]
[0.000, 0.000, 0.000, 1.000]
----------------
[0.106, 0.989, 0.103, 190.297]
[0.006, -0.104, 0.995, 36.421]
[0.994, -0.105, -0.017, 189.001]
[0.000, 0.000, 0.000, 1.000]
----------------
[0.106, 0.989, 0.103, 190.297]
[0.006, -0.104, 0.995, 36.421]
[0.994, -0.105, -0.017, 189.001]
[0.000, 0.000, 0.000, 1.000]
----------------
[0.106, 0.989, 0.103, 190.297]
[0.006, -0.104, 0.995, 36.421]
[0.994, -0.105, -0.017, 189.001]
[0.000, 0.000, 0.000, 1.000]
----------------
[0.106, 0.989, 0.103, 190.297]
[0.006, -0.104, 0.995, 36.421]
[0.994, -0.105, -0.017, 189.001]
[0.000, 0.000, 0.000, 1.000]
----------------
[0.106, 0.989, 0.103, 190.297]
[0.006, -0.104, 0.995, 36.421]
[0.994, -0.105, -0.017, 189.001]
[0.000, 0.000, 0.000, 1.000]
----------------
[0.106, 0.989, 0.103, 190.297]
[0.006, -0.104, 0.995, 36.421]
[0.994, -0.105, -0.017, 189.001]
[0.000, 0.000, 0.000, 1.000]
----------------
[0.106, 0.989, 0.103, 190.297]
[0.006, -0.104, 0.995, 36.421]
[0.994, -0.105, -0.017, 189.001]
[0.000, 0.000, 0.000, 1.000]
----------------
[0.106, 0.989, 0.103, 190.297]
[0.006, -0.104, 0.995, 36.421]
[0.994, -0.105, -0.017, 189.001]
[0.000, 0.000, 0.000, 1.000]
----------------
[0.106, 0.989, 0.103, 190.297]
[0.006, -0.104, 0.995, 36.421]
[0.994, -0.105, -0.017, 189.001]
[0.000, 0.000, 0.000, 1.000]
----------------
[0.106, 0.989, 0.103, 190.297]
[0.006, -0.104, 0.995, 36.421]
[0.994, -0.105, -0.017, 189.001]
[0.000, 0.000, 0.000, 1.000]
----------------
[0.106, 0.989, 0.103, 190.297]
[0.006, -0.104, 0.995, 36.421]
[0.994, -0.105, -0.017, 189.001]
[0.000, 0.000, 0.000, 1.000]
----------------
[0.106, 0.989, 0.103, 190.297]
[0.006, -0.104, 0.995, 36.421]
[0.994, -0.105, -0.017, 189.001]
[0.000, 0.000, 0.000, 1.000]
----------------
[0.106, 0.989, 0.103, 190.297]
[0.006, -0.104, 0.995, 36.421]
[0.994, -0.105, -0.017, 189.001]
[0.000, 0.000, 0.000, 1.000]
----------------
[0.106, 0.989, 0.103, 190.297]
[0.006, -0.104, 0.995, 36.421]
[0.994, -0.105, -0.017, 189.001]
[0.000, 0.000, 0.000, 1.000]
----------------
[0.106, 0.989, 0.103, 190.297]
[0.006, -0.104, 0.995, 36.421]
[0.994, -0.105, -0.017, 189.001]
[0.000, 0.000, 0.000, 1.000]
----------------
[0.106, 0.989, 0.103, 190.297]
[0.006, -0.104, 0.995, 36.421]
[0.994, -0.105, -0.017, 189.001]
[0.000, 0.000, 0.000, 1.000]
----------------
[0.106, 0.989, 0.103, 190.297]
[0.006, -0.104, 0.995, 36.421]
[0.994, -0.105, -0.017, 189.001]
[0.000, 0.000, 0.000, 1.000]
----------------
[0.106, 0.989, 0.103, 190.297]
[0.006, -0.104, 0.995, 36.421]
[0.994, -0.105, -0.017, 189.001]
[0.000, 0.000, 0.000, 1.000]
----------------
[0.106, 0.989, 0.103, 190.297]
[0.006, -0.104, 0.995, 36.421]
[0.994, -0.105, -0.017, 189.001]
[0.000, 0.000, 0.000, 1.000]
----------------
[0.106, 0.989, 0.103, 190.297]
[0.006, -0.104, 0.995, 36.421]
[0.994, -0.105, -0.017, 189.001]
[0.000, 0.000, 0.000, 1.000]
----------------
[0.106, 0.989, 0.103, 190.297]
[0.006, -0.104, 0.995, 36.421]
[0.994, -0.105, -0.017, 189.001]
[0.000, 0.000, 0.000, 1.000]
----------------
[0.106, 0.989, 0.103, 190.297]
[0.006, -0.104, 0.995, 36.421]
[0.994, -0.105, -0.017, 189.001]
[0.000, 0.000, 0.000, 1.000]
----------------
[0.106, 0.989, 0.103, 190.297]
[0.006, -0.104, 0.995, 36.421]
[0.994, -0.105, -0.017, 189.001]
[0.000, 0.000, 0.000, 1.000]
----------------
[0.106, 0.989, 0.103, 190.297]
[0.006, -0.104, 0.995, 36.421]
[0.994, -0.105, -0.017, 189.001]
[0.000, 0.000, 0.000, 1.000]
----------------
[0.106, 0.989, 0.103, 190.297]
[0.006, -0.104, 0.995, 36.421]
[0.994, -0.105, -0.017, 189.001]
[0.000, 0.000, 0.000, 1.000]
----------------
[0.106, 0.989, 0.103, 190.297]
[0.006, -0.104, 0.995, 36.421]
[0.994, -0.105, -0.017, 189.001]
[0.000, 0.000, 0.000, 1.000]
----------------
[0.106, 0.989, 0.103, 190.297]
[0.006, -0.104, 0.995, 36.421]
[0.994, -0.105, -0.017, 189.001]
[0.000, 0.000, 0.000, 1.000]
----------------
[0.106, 0.989, 0.103, 190.297]
[0.006, -0.104, 0.995, 36.421]
[0.994, -0.105, -0.017, 189.001]
[0.000, 0.000, 0.000, 1.000]
----------------
[0.106, 0.989, 0.103, 190.297]
[0.006, -0.104, 0.995, 36.421]
[0.994, -0.105, -0.017, 189.001]
[0.000, 0.000, 0.000, 1.000]
----------------
[0.106, 0.989, 0.103, 190.297]
[0.006, -0.104, 0.995, 36.421]
[0.994, -0.105, -0.017, 189.001]
[0.000, 0.000, 0.000, 1.000]
----------------
[0.106, 0.989, 0.103, 190.297]
[0.006, -0.104, 0.995, 36.421]
[0.994, -0.105, -0.017, 189.001]
[0.000, 0.000, 0.000, 1.000]
----------------
[0.106, 0.989, 0.103, 190.297]
[0.006, -0.104, 0.995, 36.421]
[0.994, -0.105, -0.017, 189.001]
[0.000, 0.000, 0.000, 1.000]
----------------
[0.106, 0.989, 0.103, 190.297]
[0.006, -0.104, 0.995, 36.421]
[0.994, -0.105, -0.017, 189.001]
[0.000, 0.000, 0.000, 1.000]
----------------
[0.106, 0.989, 0.103, 190.297]
[0.006, -0.104, 0.995, 36.421]
[0.994, -0.105, -0.017, 189.001]
[0.000, 0.000, 0.000, 1.000]
----------------
[0.106, 0.989, 0.103, 190.297]
[0.006, -0.104, 0.995, 36.421]
[0.994, -0.105, -0.017, 189.001]
[0.000, 0.000, 0.000, 1.000]
----------------
[0.106, 0.989, 0.103, 190.297]
[0.006, -0.104, 0.995, 36.421]
[0.994, -0.105, -0.017, 189.001]
[0.000, 0.000, 0.000, 1.000]
----------------
[0.106, 0.989, 0.103, 190.297]
[0.006, -0.104, 0.995, 36.421]
[0.994, -0.105, -0.017, 189.001]
[0.000, 0.000, 0.000, 1.000]
----------------
[0.106, 0.989, 0.103, 190.297]
[0.006, -0.104, 0.995, 36.421]
[0.994, -0.105, -0.017, 189.001]
[0.000, 0.000, 0.000, 1.000]
----------------
[0.106, 0.989, 0.103, 190.297]
[0.006, -0.104, 0.995, 36.421]
[0.994, -0.105, -0.017, 189.001]
[0.000, 0.000, 0.000, 1.000]
----------------
[0.106, 0.989, 0.103, 190.297]
[0.006, -0.104, 0.995, 36.421]
[0.994, -0.105, -0.017, 189.001]
[0.000, 0.000, 0.000, 1.000]
----------------
[0.106, 0.989, 0.103, 190.297]
[0.006, -0.104, 0.995, 36.421]
[0.994, -0.105, -0.017, 189.001]
[0.000, 0.000, 0.000, 1.000]
----------------
[0.106, 0.989, 0.103, 190.297]
[0.006, -0.104, 0.995, 36.421]
[0.994, -0.105, -0.017, 189.001]
[0.000, 0.000, 0.000, 1.000]
----------------
[0.106, 0.989, 0.103, 190.297]
[0.006, -0.104, 0.995, 36.421]
[0.994, -0.105, -0.017, 189.001]
[0.000, 0.000, 0.000, 1.000]
----------------
[0.106, 0.989, 0.103, 190.297]
[0.006, -0.104, 0.995, 36.421]
[0.994, -0.105, -0.017, 189.001]
[0.000, 0.000, 0.000, 1.000]
----------------
[0.106, 0.989, 0.103, 190.297]
[0.006, -0.104, 0.995, 36.421]
[0.994, -0.105, -0.017, 189.001]
[0.000, 0.000, 0.000, 1.000]
----------------
[0.106, 0.989, 0.103, 190.297]
[0.006, -0.104, 0.995, 36.421]
[0.994, -0.105, -0.017, 189.001]
[0.000, 0.000, 0.000, 1.000]
----------------
[0.106, 0.989, 0.103, 190.297]
[0.006, -0.104, 0.995, 36.421]
[0.994, -0.105, -0.017, 189.001]
[0.000, 0.000, 0.000, 1.000]
----------------
[0.106, 0.989, 0.103, 190.297]
[0.006, -0.104, 0.995, 36.421]
[0.994, -0.105, -0.017, 189.001]
[0.000, 0.000, 0.000, 1.000]
----------------
[0.106, 0.989, 0.103, 190.297]
[0.006, -0.104, 0.995, 36.421]
[0.994, -0.105, -0.017, 189.001]
[0.000, 0.000, 0.000, 1.000]
----------------
[0.106, 0.989, 0.103, 190.297]
[0.006, -0.104, 0.995, 36.421]
[0.994, -0.105, -0.017, 189.001]
[0.000, 0.000, 0.000, 1.000]
----------------
[0.106, 0.989, 0.103, 190.297]
[0.006, -0.104, 0.995, 36.421]
[0.994, -0.105, -0.017, 189.001]
[0.000, 0.000, 0.000, 1.000]
----------------
[0.106, 0.989, 0.103, 190.297]
[0.006, -0.104, 0.995, 36.421]
[0.994, -0.105, -0.017, 189.001]
[0.000, 0.000, 0.000, 1.000]
----------------
[0.106, 0.989, 0.103, 190.297]
[0.006, -0.104, 0.995, 36.421]
[0.994, -0.105, -0.017, 189.001]
[0.000, 0.000, 0.000, 1.000]
----------------
[0.106, 0.989, 0.103, 190.297]
[0.006, -0.104, 0.995, 36.421]
[0.994, -0.105, -0.017, 189.001]
[0.000, 0.000, 0.000, 1.000]
----------------
[0.106, 0.989, 0.103, 190.297]
[0.006, -0.104, 0.995, 36.421]
[0.994, -0.105, -0.017, 189.001]
[0.000, 0.000, 0.000, 1.000]
----------------
[0.106, 0.989, 0.103, 190.297]
[0.006, -0.104, 0.995, 36.421]
[0.994, -0.105, -0.017, 189.001]
[0.000, 0.000, 0.000, 1.000]
----------------
[0.106, 0.989, 0.103, 190.297]
[0.006, -0.104, 0.995, 36.421]
[0.994, -0.105, -0.017, 189.001]
[0.000, 0.000, 0.000, 1.000]
----------------
[0.106, 0.989, 0.103, 190.297]
[0.006, -0.104, 0.995, 36.421]
[0.994, -0.105, -0.017, 189.001]
[0.000, 0.000, 0.000, 1.000]
----------------
[0.106, 0.989, 0.103, 190.297]
[0.006, -0.104, 0.995, 36.421]
[0.994, -0.105, -0.017, 189.001]
[0.000, 0.000, 0.000, 1.000]
----------------
[0.106, 0.989, 0.103, 190.297]
[0.006, -0.104, 0.995, 36.421]
[0.994, -0.105, -0.017, 189.001]
[0.000, 0.000, 0.000, 1.000]
----------------
[0.106, 0.989, 0.103, 190.297]
[0.006, -0.104, 0.995, 36.421]
[0.994, -0.105, -0.017, 189.001]
[0.000, 0.000, 0.000, 1.000]
----------------
[0.106, 0.989, 0.103, 190.297]
[0.006, -0.104, 0.995, 36.421]
[0.994, -0.105, -0.017, 189.001]
[0.000, 0.000, 0.000, 1.000]
----------------
[0.106, 0.989, 0.103, 190.297]
[0.006, -0.104, 0.995, 36.421]
[0.994, -0.105, -0.017, 189.001]
[0.000, 0.000, 0.000, 1.000]
----------------
[0.106, 0.989, 0.103, 190.297]
[0.006, -0.104, 0.995, 36.421]
[0.994, -0.105, -0.017, 189.001]
[0.000, 0.000, 0.000, 1.000]
----------------
[0.106, 0.989, 0.103, 190.297]
[0.006, -0.104, 0.995, 36.421]
[0.994, -0.105, -0.017, 189.001]
[0.000, 0.000, 0.000, 1.000]
----------------
[0.106, 0.989, 0.103, 190.297]
[0.006, -0.104, 0.995, 36.421]
[0.994, -0.105, -0.017, 189.001]
[0.000, 0.000, 0.000, 1.000]
----------------
[0.106, 0.989, 0.103, 190.297]
[0.006, -0.104, 0.995, 36.421]
[0.994, -0.105, -0.017, 189.001]
[0.000, 0.000, 0.000, 1.000]
----------------
[0.106, 0.989, 0.103, 190.297]
[0.006, -0.104, 0.995, 36.421]
[0.994, -0.105, -0.017, 189.001]
[0.000, 0.000, 0.000, 1.000]
----------------
[0.106, 0.989, 0.103, 190.297]
[0.006, -0.104, 0.995, 36.421]
[0.994, -0.105, -0.017, 189.001]
[0.000, 0.000, 0.000, 1.000]
----------------
[0.106, 0.989, 0.103, 190.297]
[0.006, -0.104, 0.995, 36.421]
[0.994, -0.105, -0.017, 189.001]
[0.000, 0.000, 0.000, 1.000]
----------------
[0.106, 0.989, 0.103, 190.297]
[0.006, -0.104, 0.995, 36.421]
[0.994, -0.105, -0.017, 189.001]
[0.000, 0.000, 0.000, 1.000]
----------------
[0.106, 0.989, 0.103, 190.297]
[0.006, -0.104, 0.995, 36.421]
[0.994, -0.105, -0.017, 189.001]
[0.000, 0.000, 0.000, 1.000]
----------------
[0.106, 0.989, 0.103, 190.297]
[0.006, -0.104, 0.995, 36.421]
[0.994, -0.105, -0.017, 189.001]
[0.000, 0.000, 0.000, 1.000]
----------------
[0.106, 0.989, 0.103, 190.297]
[0.006, -0.104, 0.995, 36.421]
[0.994, -0.105, -0.017, 189.001]
[0.000, 0.000, 0.000, 1.000]
----------------
[0.106, 0.989, 0.103, 190.297]
[0.006, -0.104, 0.995, 36.421]
[0.994, -0.105, -0.017, 189.001]
[0.000, 0.000, 0.000, 1.000]
----------------
[0.106, 0.989, 0.103, 190.297]
[0.006, -0.104, 0.995, 36.421]
[0.994, -0.105, -0.017, 189.001]
[0.000, 0.000, 0.000, 1.000]
----------------
[0.106, 0.989, 0.103, 190.297]
[0.006, -0.104, 0.995, 36.421]
[0.994, -0.105, -0.017, 189.001]
[0.000, 0.000, 0.000, 1.000]
----------------
[0.106, 0.989, 0.103, 190.297]
[0.006, -0.104, 0.995, 36.421]
[0.994, -0.105, -0.017, 189.001]
[0.000, 0.000, 0.000, 1.000]
----------------
[0.106, 0.989, 0.103, 190.297]
[0.006, -0.104, 0.995, 36.421]
[0.994, -0.105, -0.017, 189.001]
[0.000, 0.000, 0.000, 1.000]
----------------
[0.106, 0.989, 0.103, 190.297]
[0.006, -0.104, 0.995, 36.421]
[0.994, -0.105, -0.017, 189.001]
[0.000, 0.000, 0.000, 1.000]
----------------
[0.106, 0.989, 0.103, 190.297]
[0.006, -0.104, 0.995, 36.421]
[0.994, -0.105, -0.017, 189.001]
[0.000, 0.000, 0.000, 1.000]
----------------
[0.106, 0.989, 0.103, 190.297]
[0.006, -0.104, 0.995, 36.421]
[0.994, -0.105, -0.017, 189.001]
[0.000, 0.000, 0.000, 1.000]
----------------
[0.106, 0.989, 0.103, 190.297]
[0.006, -0.104, 0.995, 36.421]
[0.994, -0.105, -0.017, 189.001]
[0.000, 0.000, 0.000, 1.000]
----------------
[0.106, 0.989, 0.103, 190.297]
[0.006, -0.104, 0.995, 36.421]
[0.994, -0.105, -0.017, 189.001]
[0.000, 0.000, 0.000, 1.000]
----------------
[0.106, 0.989, 0.103, 190.297]
[0.006, -0.104, 0.995, 36.421]
[0.994, -0.105, -0.017, 189.001]
[0.000, 0.000, 0.000, 1.000]
----------------
[0.106, 0.989, 0.103, 190.297]
[0.006, -0.104, 0.995, 36.421]
[0.994, -0.105, -0.017, 189.001]
[0.000, 0.000, 0.000, 1.000]
----------------
[0.106, 0.989, 0.103, 190.297]
[0.006, -0.104, 0.995, 36.421]
[0.994, -0.105, -0.017, 189.001]
[0.000, 0.000, 0.000, 1.000]
----------------
[0.106, 0.989, 0.103, 190.297]
[0.006, -0.104, 0.995, 36.421]
[0.994, -0.105, -0.017, 189.001]
[0.000, 0.000, 0.000, 1.000]
----------------
[0.106, 0.989, 0.103, 190.297]
[0.006, -0.104, 0.995, 36.421]
[0.994, -0.105, -0.017, 189.001]
[0.000, 0.000, 0.000, 1.000]
----------------
[0.106, 0.989, 0.103, 190.297]
[0.006, -0.104, 0.995, 36.421]
[0.994, -0.105, -0.017, 189.001]
[0.000, 0.000, 0.000, 1.000]
----------------
[0.106, 0.989, 0.103, 190.297]
[0.006, -0.104, 0.995, 36.421]
[0.994, -0.105, -0.017, 189.001]
[0.000, 0.000, 0.000, 1.000]
----------------
[0.106, 0.989, 0.103, 190.297]
[0.006, -0.104, 0.995, 36.421]
[0.994, -0.105, -0.017, 189.001]
[0.000, 0.000, 0.000, 1.000]
----------------
[0.106, 0.989, 0.103, 190.297]
[0.006, -0.104, 0.995, 36.421]
[0.994, -0.105, -0.017, 189.001]
[0.000, 0.000, 0.000, 1.000]
----------------
[0.106, 0.989, 0.103, 190.297]
[0.006, -0.104, 0.995, 36.421]
[0.994, -0.105, -0.017, 189.001]
[0.000, 0.000, 0.000, 1.000]
----------------
[0.106, 0.989, 0.103, 190.297]
[0.006, -0.104, 0.995, 36.421]
[0.994, -0.105, -0.017, 189.001]
[0.000, 0.000, 0.000, 1.000]
----------------
[0.106, 0.989, 0.103, 190.297]
[0.006, -0.104, 0.995, 36.421]
[0.994, -0.105, -0.017, 189.001]
[0.000, 0.000, 0.000, 1.000]
----------------
[0.106, 0.989, 0.103, 190.297]
[0.006, -0.104, 0.995, 36.421]
[0.994, -0.105, -0.017, 189.001]
[0.000, 0.000, 0.000, 1.000]
----------------
[0.106, 0.989, 0.103, 190.297]
[0.006, -0.104, 0.995, 36.421]
[0.994, -0.105, -0.017, 189.001]
[0.000, 0.000, 0.000, 1.000]
----------------
[0.106, 0.989, 0.103, 190.297]
[0.006, -0.104, 0.995, 36.421]
[0.994, -0.105, -0.017, 189.001]
[0.000, 0.000, 0.000, 1.000]
----------------
[0.106, 0.989, 0.103, 190.297]
[0.006, -0.104, 0.995, 36.421]
[0.994, -0.105, -0.017, 189.001]
[0.000, 0.000, 0.000, 1.000]
----------------
[0.106, 0.989, 0.103, 190.297]
[0.006, -0.104, 0.995, 36.421]
[0.994, -0.105, -0.017, 189.001]
[0.000, 0.000, 0.000, 1.000]
----------------
[0.106, 0.989, 0.103, 190.297]
[0.006, -0.104, 0.995, 36.421]
[0.994, -0.105, -0.017, 189.001]
[0.000, 0.000, 0.000, 1.000]
----------------
[0.106, 0.989, 0.103, 190.297]
[0.006, -0.104, 0.995, 36.421]
[0.994, -0.105, -0.017, 189.001]
[0.000, 0.000, 0.000, 1.000]
----------------
[0.106, 0.989, 0.103, 190.297]
[0.006, -0.104, 0.995, 36.421]
[0.994, -0.105, -0.017, 189.001]
[0.000, 0.000, 0.000, 1.000]
----------------
[0.106, 0.989, 0.103, 190.297]
[0.006, -0.104, 0.995, 36.421]
[0.994, -0.105, -0.017, 189.001]
[0.000, 0.000, 0.000, 1.000]
----------------
[0.106, 0.989, 0.103, 190.297]
[0.006, -0.104, 0.995, 36.421]
[0.994, -0.105, -0.017, 189.001]
[0.000, 0.000, 0.000, 1.000]
----------------
[0.106, 0.989, 0.103, 190.297]
[0.006, -0.104, 0.995, 36.421]
[0.994, -0.105, -0.017, 189.001]
[0.000, 0.000, 0.000, 1.000]
----------------
[0.106, 0.989, 0.103, 190.297]
[0.006, -0.104, 0.995, 36.421]
[0.994, -0.105, -0.017, 189.001]
[0.000, 0.000, 0.000, 1.000]
----------------
[0.106, 0.989, 0.103, 190.297]
[0.006, -0.104, 0.995, 36.421]
[0.994, -0.105, -0.017, 189.001]
[0.000, 0.000, 0.000, 1.000]
----------------
[0.106, 0.989, 0.103, 190.297]
[0.006, -0.104, 0.995, 36.421]
[0.994, -0.105, -0.017, 189.001]
[0.000, 0.000, 0.000, 1.000]
----------------
[0.106, 0.989, 0.103, 190.297]
[0.006, -0.104, 0.995, 36.421]
[0.994, -0.105, -0.017, 189.001]
[0.000, 0.000, 0.000, 1.000]
----------------
[0.106, 0.989, 0.103, 190.297]
[0.006, -0.104, 0.995, 36.421]
[0.994, -0.105, -0.017, 189.001]
[0.000, 0.000, 0.000, 1.000]
----------------
[0.106, 0.989, 0.103, 190.297]
[0.006, -0.104, 0.995, 36.421]
[0.994, -0.105, -0.017, 189.001]
[0.000, 0.000, 0.000, 1.000]
----------------
[0.106, 0.989, 0.103, 190.297]
[0.006, -0.104, 0.995, 36.421]
[0.994, -0.105, -0.017, 189.001]
[0.000, 0.000, 0.000, 1.000]
----------------
[0.106, 0.989, 0.103, 190.297]
[0.006, -0.104, 0.995, 36.421]
[0.994, -0.105, -0.017, 189.001]
[0.000, 0.000, 0.000, 1.000]
----------------
[0.106, 0.989, 0.103, 190.297]
[0.006, -0.104, 0.995, 36.421]
[0.994, -0.105, -0.017, 189.001]
[0.000, 0.000, 0.000, 1.000]
----------------
[0.106, 0.989, 0.103, 190.297]
[0.006, -0.104, 0.995, 36.421]
[0.994, -0.105, -0.017, 189.001]
[0.000, 0.000, 0.000, 1.000]
----------------
[0.106, 0.989, 0.103, 190.297]
[0.006, -0.104, 0.995, 36.421]
[0.994, -0.105, -0.017, 189.001]
[0.000, 0.000, 0.000, 1.000]
----------------
[0.106, 0.989, 0.103, 190.297]
[0.006, -0.104, 0.995, 36.421]
[0.994, -0.105, -0.017, 189.001]
[0.000, 0.000, 0.000, 1.000]
----------------
[0.106, 0.989, 0.103, 190.297]
[0.006, -0.104, 0.995, 36.421]
[0.994, -0.105, -0.017, 189.001]
[0.000, 0.000, 0.000, 1.000]
----------------
[0.106, 0.989, 0.103, 190.297]
[0.006, -0.104, 0.995, 36.421]
[0.994, -0.105, -0.017, 189.001]
[0.000, 0.000, 0.000, 1.000]
----------------
[0.106, 0.989, 0.103, 190.297]
[0.006, -0.104, 0.995, 36.421]
[0.994, -0.105, -0.017, 189.001]
[0.000, 0.000, 0.000, 1.000]
----------------
[0.106, 0.989, 0.103, 190.297]
[0.006, -0.104, 0.995, 36.421]
[0.994, -0.105, -0.017, 189.001]
[0.000, 0.000, 0.000, 1.000]
----------------
[0.106, 0.989, 0.103, 190.297]
[0.006, -0.104, 0.995, 36.421]
[0.994, -0.105, -0.017, 189.001]
[0.000, 0.000, 0.000, 1.000]
----------------
[0.106, 0.989, 0.103, 190.297]
[0.006, -0.104, 0.995, 36.421]
[0.994, -0.105, -0.017, 189.001]
[0.000, 0.000, 0.000, 1.000]
----------------
[0.106, 0.989, 0.103, 190.297]
[0.006, -0.104, 0.995, 36.421]
[0.994, -0.105, -0.017, 189.001]
[0.000, 0.000, 0.000, 1.000]
----------------
[0.106, 0.989, 0.103, 190.297]
[0.006, -0.104, 0.995, 36.421]
[0.994, -0.105, -0.017, 189.001]
[0.000, 0.000, 0.000, 1.000]
----------------
[0.106, 0.989, 0.103, 190.297]
[0.006, -0.104, 0.995, 36.421]
[0.994, -0.105, -0.017, 189.001]
[0.000, 0.000, 0.000, 1.000]
----------------
[0.106, 0.989, 0.103, 190.297]
[0.006, -0.104, 0.995, 36.421]
[0.994, -0.105, -0.017, 189.001]
[0.000, 0.000, 0.000, 1.000]
----------------
[0.106, 0.989, 0.103, 190.297]
[0.006, -0.104, 0.995, 36.421]
[0.994, -0.105, -0.017, 189.001]
[0.000, 0.000, 0.000, 1.000]
----------------
[0.106, 0.989, 0.103, 190.297]
[0.006, -0.104, 0.995, 36.421]
[0.994, -0.105, -0.017, 189.001]
[0.000, 0.000, 0.000, 1.000]
----------------
[0.106, 0.989, 0.103, 190.297]
[0.006, -0.104, 0.995, 36.421]
[0.994, -0.105, -0.017, 189.001]
[0.000, 0.000, 0.000, 1.000]
----------------
[0.106, 0.989, 0.103, 190.297]
[0.006, -0.104, 0.995, 36.421]
[0.994, -0.105, -0.017, 189.001]
[0.000, 0.000, 0.000, 1.000]
----------------
[0.106, 0.989, 0.103, 190.297]
[0.006, -0.104, 0.995, 36.421]
[0.994, -0.105, -0.017, 189.001]
[0.000, 0.000, 0.000, 1.000]
----------------
[0.106, 0.989, 0.103, 190.297]
[0.006, -0.104, 0.995, 36.421]
[0.994, -0.105, -0.017, 189.001]
[0.000, 0.000, 0.000, 1.000]
----------------
[0.106, 0.989, 0.103, 190.297]
[0.006, -0.104, 0.995, 36.421]
[0.994, -0.105, -0.017, 189.001]
[0.000, 0.000, 0.000, 1.000]
----------------
[0.106, 0.989, 0.103, 190.297]
[0.006, -0.104, 0.995, 36.421]
[0.994, -0.105, -0.017, 189.001]
[0.000, 0.000, 0.000, 1.000]
----------------
[0.106, 0.989, 0.103, 190.297]
[0.006, -0.104, 0.995, 36.421]
[0.994, -0.105, -0.017, 189.001]
[0.000, 0.000, 0.000, 1.000]
----------------
[0.106, 0.989, 0.103, 190.297]
[0.006, -0.104, 0.995, 36.421]
[0.994, -0.105, -0.017, 189.001]
[0.000, 0.000, 0.000, 1.000]
----------------
[0.106, 0.989, 0.103, 190.297]
[0.006, -0.104, 0.995, 36.421]
[0.994, -0.105, -0.017, 189.001]
[0.000, 0.000, 0.000, 1.000]
----------------
[0.106, 0.989, 0.103, 190.297]
[0.006, -0.104, 0.995, 36.421]
[0.994, -0.105, -0.017, 189.001]
[0.000, 0.000, 0.000, 1.000]
----------------
[0.106, 0.989, 0.103, 190.297]
[0.006, -0.104, 0.995, 36.421]
[0.994, -0.105, -0.017, 189.001]
[0.000, 0.000, 0.000, 1.000]
----------------
[0.106, 0.989, 0.103, 190.297]
[0.006, -0.104, 0.995, 36.421]
[0.994, -0.105, -0.017, 189.001]
[0.000, 0.000, 0.000, 1.000]
----------------
[0.106, 0.989, 0.103, 190.297]
[0.006, -0.104, 0.995, 36.421]
[0.994, -0.105, -0.017, 189.001]
[0.000, 0.000, 0.000, 1.000]
----------------
[0.106, 0.989, 0.103, 190.297]
[0.006, -0.104, 0.995, 36.421]
[0.994, -0.105, -0.017, 189.001]
[0.000, 0.000, 0.000, 1.000]
----------------
[0.106, 0.989, 0.103, 190.297]
[0.006, -0.104, 0.995, 36.421]
[0.994, -0.105, -0.017, 189.001]
[0.000, 0.000, 0.000, 1.000]
----------------
[0.106, 0.989, 0.103, 190.297]
[0.006, -0.104, 0.995, 36.421]
[0.994, -0.105, -0.017, 189.001]
[0.000, 0.000, 0.000, 1.000]
----------------
[0.106, 0.989, 0.103, 190.297]
[0.006, -0.104, 0.995, 36.421]
[0.994, -0.105, -0.017, 189.001]
[0.000, 0.000, 0.000, 1.000]
----------------
[0.106, 0.989, 0.103, 190.297]
[0.006, -0.104, 0.995, 36.421]
[0.994, -0.105, -0.017, 189.001]
[0.000, 0.000, 0.000, 1.000]
----------------
[0.106, 0.989, 0.103, 190.297]
[0.006, -0.104, 0.995, 36.421]
[0.994, -0.105, -0.017, 189.001]
[0.000, 0.000, 0.000, 1.000]
----------------
[0.106, 0.989, 0.103, 190.297]
[0.006, -0.104, 0.995, 36.421]
[0.994, -0.105, -0.017, 189.001]
[0.000, 0.000, 0.000, 1.000]
----------------
[0.106, 0.989, 0.103, 190.297]
[0.006, -0.104, 0.995, 36.421]
[0.994, -0.105, -0.017, 189.001]
[0.000, 0.000, 0.000, 1.000]
----------------
[0.106, 0.989, 0.103, 190.297]
[0.006, -0.104, 0.995, 36.421]
[0.994, -0.105, -0.017, 189.001]
[0.000, 0.000, 0.000, 1.000]
----------------
[0.106, 0.989, 0.103, 190.297]
[0.006, -0.104, 0.995, 36.421]
[0.994, -0.105, -0.017, 189.001]
[0.000, 0.000, 0.000, 1.000]
----------------
[0.106, 0.989, 0.103, 190.297]
[0.006, -0.104, 0.995, 36.421]
[0.994, -0.105, -0.017, 189.001]
[0.000, 0.000, 0.000, 1.000]
----------------
[0.106, 0.989, 0.103, 190.297]
[0.006, -0.104, 0.995, 36.421]
[0.994, -0.105, -0.017, 189.001]
[0.000, 0.000, 0.000, 1.000]
----------------
[0.106, 0.989, 0.103, 190.297]
[0.006, -0.104, 0.995, 36.421]
[0.994, -0.105, -0.017, 189.001]
[0.000, 0.000, 0.000, 1.000]
----------------
[0.106, 0.989, 0.103, 190.297]
[0.006, -0.104, 0.995, 36.421]
[0.994, -0.105, -0.017, 189.001]
[0.000, 0.000, 0.000, 1.000]
----------------
[0.106, 0.989, 0.103, 190.297]
[0.006, -0.104, 0.995, 36.421]
[0.994, -0.105, -0.017, 189.001]
[0.000, 0.000, 0.000, 1.000]
----------------
[0.106, 0.989, 0.103, 190.297]
[0.006, -0.104, 0.995, 36.421]
[0.994, -0.105, -0.017, 189.001]
[0.000, 0.000, 0.000, 1.000]
----------------
[0.106, 0.989, 0.103, 190.297]
[0.006, -0.104, 0.995, 36.421]
[0.994, -0.105, -0.017, 189.001]
[0.000, 0.000, 0.000, 1.000]
----------------
[0.106, 0.989, 0.103, 190.297]
[0.006, -0.104, 0.995, 36.421]
[0.994, -0.105, -0.017, 189.001]
[0.000, 0.000, 0.000, 1.000]
----------------
[0.106, 0.989, 0.103, 190.297]
[0.006, -0.104, 0.995, 36.421]
[0.994, -0.105, -0.017, 189.001]
[0.000, 0.000, 0.000, 1.000]
----------------
[0.106, 0.989, 0.103, 190.297]
[0.006, -0.104, 0.995, 36.421]
[0.994, -0.105, -0.017, 189.001]
[0.000, 0.000, 0.000, 1.000]
----------------
[0.106, 0.989, 0.103, 190.297]
[0.006, -0.104, 0.995, 36.421]
[0.994, -0.105, -0.017, 189.001]
[0.000, 0.000, 0.000, 1.000]
----------------
[0.106, 0.989, 0.103, 190.297]
[0.006, -0.104, 0.995, 36.421]
[0.994, -0.105, -0.017, 189.001]
[0.000, 0.000, 0.000, 1.000]
----------------
[0.106, 0.989, 0.103, 190.297]
[0.006, -0.104, 0.995, 36.421]
[0.994, -0.105, -0.017, 189.001]
[0.000, 0.000, 0.000, 1.000]
----------------
[0.106, 0.989, 0.103, 190.297]
[0.006, -0.104, 0.995, 36.421]
[0.994, -0.105, -0.017, 189.001]
[0.000, 0.000, 0.000, 1.000]
----------------
[0.106, 0.989, 0.103, 190.297]
[0.006, -0.104, 0.995, 36.421]
[0.994, -0.105, -0.017, 189.001]
[0.000, 0.000, 0.000, 1.000]
----------------
[0.106, 0.989, 0.103, 190.297]
[0.006, -0.104, 0.995, 36.421]
[0.994, -0.105, -0.017, 189.001]
[0.000, 0.000, 0.000, 1.000]
----------------
[0.106, 0.989, 0.103, 190.297]
[0.006, -0.104, 0.995, 36.421]
[0.994, -0.105, -0.017, 189.001]
[0.000, 0.000, 0.000, 1.000]
----------------
[0.106, 0.989, 0.103, 190.297]
[0.006, -0.104, 0.995, 36.421]
[0.994, -0.105, -0.017, 189.001]
[0.000, 0.000, 0.000, 1.000]
----------------
[0.106, 0.989, 0.103, 190.297]
[0.006, -0.104, 0.995, 36.421]
[0.994, -0.105, -0.017, 189.001]
[0.000, 0.000, 0.000, 1.000]
----------------
[0.106, 0.989, 0.103, 190.297]
[0.006, -0.104, 0.995, 36.421]
[0.994, -0.105, -0.017, 189.001]
[0.000, 0.000, 0.000, 1.000]
----------------
[0.106, 0.989, 0.103, 190.297]
[0.006, -0.104, 0.995, 36.421]
[0.994, -0.105, -0.017, 189.001]
[0.000, 0.000, 0.000, 1.000]
----------------
[0.106, 0.989, 0.103, 190.297]
[0.006, -0.104, 0.995, 36.421]
[0.994, -0.105, -0.017, 189.001]
[0.000, 0.000, 0.000, 1.000]
----------------
[0.106, 0.989, 0.103, 190.297]
[0.006, -0.104, 0.995, 36.421]
[0.994, -0.105, -0.017, 189.001]
[0.000, 0.000, 0.000, 1.000]
----------------
[0.106, 0.989, 0.103, 190.297]
[0.006, -0.104, 0.995, 36.421]
[0.994, -0.105, -0.017, 189.001]
[0.000, 0.000, 0.000, 1.000]
----------------
[0.106, 0.989, 0.103, 190.297]
[0.006, -0.104, 0.995, 36.421]
[0.994, -0.105, -0.017, 189.001]
[0.000, 0.000, 0.000, 1.000]
----------------
[0.106, 0.989, 0.103, 190.297]
[0.006, -0.104, 0.995, 36.421]
[0.994, -0.105, -0.017, 189.001]
[0.000, 0.000, 0.000, 1.000]
----------------
[0.106, 0.989, 0.103, 190.297]
[0.006, -0.104, 0.995, 36.421]
[0.994, -0.105, -0.017, 189.001]
[0.000, 0.000, 0.000, 1.000]
----------------
[0.106, 0.989, 0.103, 190.297]
[0.006, -0.104, 0.995, 36.421]
[0.994, -0.105, -0.017, 189.001]
[0.000, 0.000, 0.000, 1.000]
----------------
[0.106, 0.989, 0.103, 190.297]
[0.006, -0.104, 0.995, 36.421]
[0.994, -0.105, -0.017, 189.001]
[0.000, 0.000, 0.000, 1.000]
----------------
[0.106, 0.989, 0.103, 190.297]
[0.006, -0.104, 0.995, 36.421]
[0.994, -0.105, -0.017, 189.001]
[0.000, 0.000, 0.000, 1.000]
----------------
[0.106, 0.989, 0.103, 190.297]
[0.006, -0.104, 0.995, 36.421]
[0.994, -0.105, -0.017, 189.001]
[0.000, 0.000, 0.000, 1.000]
----------------
[0.106, 0.989, 0.103, 190.297]
[0.006, -0.104, 0.995, 36.421]
[0.994, -0.105, -0.017, 189.001]
[0.000, 0.000, 0.000, 1.000]
----------------
[0.106, 0.989, 0.103, 190.297]
[0.006, -0.104, 0.995, 36.421]
[0.994, -0.105, -0.017, 189.001]
[0.000, 0.000, 0.000, 1.000]
----------------
[0.106, 0.989, 0.103, 190.297]
[0.006, -0.104, 0.995, 36.421]
[0.994, -0.105, -0.017, 189.001]
[0.000, 0.000, 0.000, 1.000]
----------------
[0.106, 0.989, 0.103, 190.297]
[0.006, -0.104, 0.995, 36.421]
[0.994, -0.105, -0.017, 189.001]
[0.000, 0.000, 0.000, 1.000]
----------------
[0.106, 0.989, 0.103, 190.297]
[0.006, -0.104, 0.995, 36.421]
[0.994, -0.105, -0.017, 189.001]
[0.000, 0.000, 0.000, 1.000]
----------------
[0.106, 0.989, 0.103, 190.297]
[0.006, -0.104, 0.995, 36.421]
[0.994, -0.105, -0.017, 189.001]
[0.000, 0.000, 0.000, 1.000]
----------------
[0.106, 0.989, 0.103, 190.297]
[0.006, -0.104, 0.995, 36.421]
[0.994, -0.105, -0.017, 189.001]
[0.000, 0.000, 0.000, 1.000]
----------------
[0.106, 0.989, 0.103, 190.297]
[0.006, -0.104, 0.995, 36.421]
[0.994, -0.105, -0.017, 189.001]
[0.000, 0.000, 0.000, 1.000]
----------------
[0.106, 0.989, 0.103, 190.297]
[0.006, -0.104, 0.995, 36.421]
[0.994, -0.105, -0.017, 189.001]
[0.000, 0.000, 0.000, 1.000]
----------------
[0.106, 0.989, 0.103, 190.297]
[0.006, -0.104, 0.995, 36.421]
[0.994, -0.105, -0.017, 189.001]
[0.000, 0.000, 0.000, 1.000]
----------------
[0.106, 0.989, 0.103, 190.297]
[0.006, -0.104, 0.995, 36.421]
[0.994, -0.105, -0.017, 189.001]
[0.000, 0.000, 0.000, 1.000]
----------------
[0.106, 0.989, 0.103, 190.297]
[0.006, -0.104, 0.995, 36.421]
[0.994, -0.105, -0.017, 189.001]
[0.000, 0.000, 0.000, 1.000]
----------------
[0.106, 0.989, 0.103, 190.297]
[0.006, -0.104, 0.995, 36.421]
[0.994, -0.105, -0.017, 189.001]
[0.000, 0.000, 0.000, 1.000]
----------------
[0.106, 0.989, 0.103, 190.297]
[0.006, -0.104, 0.995, 36.421]
[0.994, -0.105, -0.017, 189.001]
[0.000, 0.000, 0.000, 1.000]
----------------
[0.106, 0.989, 0.103, 190.297]
[0.006, -0.104, 0.995, 36.421]
[0.994, -0.105, -0.017, 189.001]
[0.000, 0.000, 0.000, 1.000]
----------------
[0.106, 0.989, 0.103, 190.297]
[0.006, -0.104, 0.995, 36.421]
[0.994, -0.105, -0.017, 189.001]
[0.000, 0.000, 0.000, 1.000]
----------------
[0.106, 0.989, 0.103, 190.297]
[0.006, -0.104, 0.995, 36.421]
[0.994, -0.105, -0.017, 189.001]
[0.000, 0.000, 0.000, 1.000]
----------------
[0.106, 0.989, 0.103, 190.297]
[0.006, -0.104, 0.995, 36.421]
[0.994, -0.105, -0.017, 189.001]
[0.000, 0.000, 0.000, 1.000]
----------------
[0.106, 0.989, 0.103, 190.297]
[0.006, -0.104, 0.995, 36.421]
[0.994, -0.105, -0.017, 189.001]
[0.000, 0.000, 0.000, 1.000]
----------------
[0.106, 0.989, 0.103, 190.297]
[0.006, -0.104, 0.995, 36.421]
[0.994, -0.105, -0.017, 189.001]
[0.000, 0.000, 0.000, 1.000]
----------------
[0.106, 0.989, 0.103, 190.297]
[0.006, -0.104, 0.995, 36.421]
[0.994, -0.105, -0.017, 189.001]
[0.000, 0.000, 0.000, 1.000]
----------------
[0.106, 0.989, 0.103, 190.297]
[0.006, -0.104, 0.995, 36.421]
[0.994, -0.105, -0.017, 189.001]
[0.000, 0.000, 0.000, 1.000]
----------------
[0.106, 0.989, 0.103, 190.297]
[0.006, -0.104, 0.995, 36.421]
[0.994, -0.105, -0.017, 189.001]
[0.000, 0.000, 0.000, 1.000]
----------------
[0.106, 0.989, 0.103, 190.297]
[0.006, -0.104, 0.995, 36.421]
[0.994, -0.105, -0.017, 189.001]
[0.000, 0.000, 0.000, 1.000]
----------------
[0.106, 0.989, 0.103, 190.297]
[0.006, -0.104, 0.995, 36.421]
[0.994, -0.105, -0.017, 189.001]
[0.000, 0.000, 0.000, 1.000]
----------------
[0.106, 0.989, 0.103, 190.297]
[0.006, -0.104, 0.995, 36.421]
[0.994, -0.105, -0.017, 189.001]
[0.000, 0.000, 0.000, 1.000]
----------------
[0.106, 0.989, 0.103, 190.297]
[0.006, -0.104, 0.995, 36.421]
[0.994, -0.105, -0.017, 189.001]
[0.000, 0.000, 0.000, 1.000]
----------------
[0.106, 0.989, 0.103, 190.297]
[0.006, -0.104, 0.995, 36.421]
[0.994, -0.105, -0.017, 189.001]
[0.000, 0.000, 0.000, 1.000]
----------------
[0.106, 0.989, 0.103, 190.297]
[0.006, -0.104, 0.995, 36.421]
[0.994, -0.105, -0.017, 189.001]
[0.000, 0.000, 0.000, 1.000]
----------------
[0.106, 0.989, 0.103, 190.297]
[0.006, -0.104, 0.995, 36.421]
[0.994, -0.105, -0.017, 189.001]
[0.000, 0.000, 0.000, 1.000]
----------------
[0.106, 0.989, 0.103, 190.297]
[0.006, -0.104, 0.995, 36.421]
[0.994, -0.105, -0.017, 189.001]
[0.000, 0.000, 0.000, 1.000]
----------------
[0.106, 0.989, 0.103, 190.297]
[0.006, -0.104, 0.995, 36.421]
[0.994, -0.105, -0.017, 189.001]
[0.000, 0.000, 0.000, 1.000]
----------------
[0.106, 0.989, 0.103, 190.297]
[0.006, -0.104, 0.995, 36.421]
[0.994, -0.105, -0.017, 189.001]
[0.000, 0.000, 0.000, 1.000]
----------------
[0.106, 0.989, 0.103, 190.297]
[0.006, -0.104, 0.995, 36.421]
[0.994, -0.105, -0.017, 189.001]
[0.000, 0.000, 0.000, 1.000]
----------------
[0.106, 0.989, 0.103, 190.297]
[0.006, -0.104, 0.995, 36.421]
[0.994, -0.105, -0.017, 189.001]
[0.000, 0.000, 0.000, 1.000]
----------------
[0.106, 0.989, 0.103, 190.297]
[0.006, -0.104, 0.995, 36.421]
[0.994, -0.105, -0.017, 189.001]
[0.000, 0.000, 0.000, 1.000]
----------------
[0.106, 0.989, 0.103, 190.297]
[0.006, -0.104, 0.995, 36.421]
[0.994, -0.105, -0.017, 189.001]
[0.000, 0.000, 0.000, 1.000]
----------------
[0.106, 0.989, 0.103, 190.297]
[0.006, -0.104, 0.995, 36.421]
[0.994, -0.105, -0.017, 189.001]
[0.000, 0.000, 0.000, 1.000]
----------------
[0.106, 0.989, 0.103, 190.297]
[0.006, -0.104, 0.995, 36.421]
[0.994, -0.105, -0.017, 189.001]
[0.000, 0.000, 0.000, 1.000]
----------------
[0.106, 0.989, 0.103, 190.297]
[0.006, -0.104, 0.995, 36.421]
[0.994, -0.105, -0.017, 189.001]
[0.000, 0.000, 0.000, 1.000]
----------------
[0.106, 0.989, 0.103, 190.297]
[0.006, -0.104, 0.995, 36.421]
[0.994, -0.105, -0.017, 189.001]
[0.000, 0.000, 0.000, 1.000]
----------------
[0.106, 0.989, 0.103, 190.297]
[0.006, -0.104, 0.995, 36.421]
[0.994, -0.105, -0.017, 189.001]
[0.000, 0.000, 0.000, 1.000]
----------------
[0.106, 0.989, 0.103, 190.297]
[0.006, -0.104, 0.995, 36.421]
[0.994, -0.105, -0.017, 189.001]
[0.000, 0.000, 0.000, 1.000]
----------------
[0.106, 0.989, 0.103, 190.297]
[0.006, -0.104, 0.995, 36.421]
[0.994, -0.105, -0.017, 189.001]
[0.000, 0.000, 0.000, 1.000]
----------------
[0.106, 0.989, 0.103, 190.297]
[0.006, -0.104, 0.995, 36.421]
[0.994, -0.105, -0.017, 189.001]
[0.000, 0.000, 0.000, 1.000]
----------------
[0.106, 0.989, 0.103, 190.297]
[0.006, -0.104, 0.995, 36.421]
[0.994, -0.105, -0.017, 189.001]
[0.000, 0.000, 0.000, 1.000]
----------------
[0.106, 0.989, 0.103, 190.297]
[0.006, -0.104, 0.995, 36.421]
[0.994, -0.105, -0.017, 189.001]
[0.000, 0.000, 0.000, 1.000]
----------------
[0.106, 0.989, 0.103, 190.297]
[0.006, -0.104, 0.995, 36.421]
[0.994, -0.105, -0.017, 189.001]
[0.000, 0.000, 0.000, 1.000]
----------------
[0.106, 0.989, 0.103, 190.297]
[0.006, -0.104, 0.995, 36.421]
[0.994, -0.105, -0.017, 189.001]
[0.000, 0.000, 0.000, 1.000]
----------------
[0.106, 0.989, 0.103, 190.297]
[0.006, -0.104, 0.995, 36.421]
[0.994, -0.105, -0.017, 189.001]
[0.000, 0.000, 0.000, 1.000]
----------------
[0.106, 0.989, 0.103, 190.297]
[0.006, -0.104, 0.995, 36.421]
[0.994, -0.105, -0.017, 189.001]
[0.000, 0.000, 0.000, 1.000]
----------------
[0.106, 0.989, 0.103, 190.297]
[0.006, -0.104, 0.995, 36.421]
[0.994, -0.105, -0.017, 189.001]
[0.000, 0.000, 0.000, 1.000]
----------------
[0.106, 0.989, 0.103, 190.297]
[0.006, -0.104, 0.995, 36.421]
[0.994, -0.105, -0.017, 189.001]
[0.000, 0.000, 0.000, 1.000]
----------------
[0.106, 0.989, 0.103, 190.297]
[0.006, -0.104, 0.995, 36.421]
[0.994, -0.105, -0.017, 189.001]
[0.000, 0.000, 0.000, 1.000]
----------------
[0.106, 0.989, 0.103, 190.297]
[0.006, -0.104, 0.995, 36.421]
[0.994, -0.105, -0.017, 189.001]
[0.000, 0.000, 0.000, 1.000]
----------------
[0.106, 0.989, 0.103, 190.297]
[0.006, -0.104, 0.995, 36.421]
[0.994, -0.105, -0.017, 189.001]
[0.000, 0.000, 0.000, 1.000]
----------------
[0.106, 0.989, 0.103, 190.297]
[0.006, -0.104, 0.995, 36.421]
[0.994, -0.105, -0.017, 189.001]
[0.000, 0.000, 0.000, 1.000]
----------------
[0.106, 0.989, 0.103, 190.297]
[0.006, -0.104, 0.995, 36.421]
[0.994, -0.105, -0.017, 189.001]
[0.000, 0.000, 0.000, 1.000]
----------------
[0.106, 0.989, 0.103, 190.297]
[0.006, -0.104, 0.995, 36.421]
[0.994, -0.105, -0.017, 189.001]
[0.000, 0.000, 0.000, 1.000]
----------------
[0.106, 0.989, 0.103, 190.297]
[0.006, -0.104, 0.995, 36.421]
[0.994, -0.105, -0.017, 189.001]
[0.000, 0.000, 0.000, 1.000]
----------------
[0.106, 0.989, 0.103, 190.297]
[0.006, -0.104, 0.995, 36.421]
[0.994, -0.105, -0.017, 189.001]
[0.000, 0.000, 0.000, 1.000]
----------------
[0.106, 0.989, 0.103, 190.297]
[0.006, -0.104, 0.995, 36.421]
[0.994, -0.105, -0.017, 189.001]
[0.000, 0.000, 0.000, 1.000]
----------------
[0.106, 0.989, 0.103, 190.297]
[0.006, -0.104, 0.995, 36.421]
[0.994, -0.105, -0.017, 189.001]
[0.000, 0.000, 0.000, 1.000]
----------------
[0.106, 0.989, 0.103, 190.297]
[0.006, -0.104, 0.995, 36.421]
[0.994, -0.105, -0.017, 189.001]
[0.000, 0.000, 0.000, 1.000]
----------------
[0.106, 0.989, 0.103, 190.297]
[0.006, -0.104, 0.995, 36.421]
[0.994, -0.105, -0.017, 189.001]
[0.000, 0.000, 0.000, 1.000]
----------------
[0.106, 0.989, 0.103, 190.297]
[0.006, -0.104, 0.995, 36.421]
[0.994, -0.105, -0.017, 189.001]
[0.000, 0.000, 0.000, 1.000]
----------------
[0.106, 0.989, 0.103, 190.297]
[0.006, -0.104, 0.995, 36.421]
[0.994, -0.105, -0.017, 189.001]
[0.000, 0.000, 0.000, 1.000]
----------------
[0.106, 0.989, 0.103, 190.297]
[0.006, -0.104, 0.995, 36.421]
[0.994, -0.105, -0.017, 189.001]
[0.000, 0.000, 0.000, 1.000]
----------------
[0.106, 0.989, 0.103, 190.297]
[0.006, -0.104, 0.995, 36.421]
[0.994, -0.105, -0.017, 189.001]
[0.000, 0.000, 0.000, 1.000]
----------------
[0.106, 0.989, 0.103, 190.297]
[0.006, -0.104, 0.995, 36.421]
[0.994, -0.105, -0.017, 189.001]
[0.000, 0.000, 0.000, 1.000]
----------------
[0.106, 0.989, 0.103, 190.297]
[0.006, -0.104, 0.995, 36.421]
[0.994, -0.105, -0.017, 189.001]
[0.000, 0.000, 0.000, 1.000]
----------------
[0.106, 0.989, 0.103, 190.297]
[0.006, -0.104, 0.995, 36.421]
[0.994, -0.105, -0.017, 189.001]
[0.000, 0.000, 0.000, 1.000]
----------------
[0.106, 0.989, 0.103, 190.297]
[0.006, -0.104, 0.995, 36.421]
[0.994, -0.105, -0.017, 189.001]
[0.000, 0.000, 0.000, 1.000]
----------------
[0.106, 0.989, 0.103, 190.297]
[0.006, -0.104, 0.995, 36.421]
[0.994, -0.105, -0.017, 189.001]
[0.000, 0.000, 0.000, 1.000]
----------------
[0.106, 0.989, 0.103, 190.297]
[0.006, -0.104, 0.995, 36.421]
[0.994, -0.105, -0.017, 189.001]
[0.000, 0.000, 0.000, 1.000]
----------------
[0.106, 0.989, 0.103, 190.297]
[0.006, -0.104, 0.995, 36.421]
[0.994, -0.105, -0.017, 189.001]
[0.000, 0.000, 0.000, 1.000]
----------------
[0.106, 0.989, 0.103, 190.297]
[0.006, -0.104, 0.995, 36.421]
[0.994, -0.105, -0.017, 189.001]
[0.000, 0.000, 0.000, 1.000]
----------------
[0.106, 0.989, 0.103, 190.297]
[0.006, -0.104, 0.995, 36.421]
[0.994, -0.105, -0.017, 189.001]
[0.000, 0.000, 0.000, 1.000]
----------------
[0.106, 0.989, 0.103, 190.297]
[0.006, -0.104, 0.995, 36.421]
[0.994, -0.105, -0.017, 189.001]
[0.000, 0.000, 0.000, 1.000]
----------------
[0.106, 0.989, 0.103, 190.297]
[0.006, -0.104, 0.995, 36.421]
[0.994, -0.105, -0.017, 189.001]
[0.000, 0.000, 0.000, 1.000]
----------------
[0.106, 0.989, 0.103, 190.297]
[0.006, -0.104, 0.995, 36.421]
[0.994, -0.105, -0.017, 189.001]
[0.000, 0.000, 0.000, 1.000]
----------------
[0.106, 0.989, 0.103, 190.297]
[0.006, -0.104, 0.995, 36.421]
[0.994, -0.105, -0.017, 189.001]
[0.000, 0.000, 0.000, 1.000]
----------------
[0.106, 0.989, 0.103, 190.297]
[0.006, -0.104, 0.995, 36.421]
[0.994, -0.105, -0.017, 189.001]
[0.000, 0.000, 0.000, 1.000]
----------------
[0.106, 0.989, 0.103, 190.297]
[0.006, -0.104, 0.995, 36.421]
[0.994, -0.105, -0.017, 189.001]
[0.000, 0.000, 0.000, 1.000]
----------------
[0.106, 0.989, 0.103, 190.297]
[0.006, -0.104, 0.995, 36.421]
[0.994, -0.105, -0.017, 189.001]
[0.000, 0.000, 0.000, 1.000]
----------------
[0.106, 0.989, 0.103, 190.297]
[0.006, -0.104, 0.995, 36.421]
[0.994, -0.105, -0.017, 189.001]
[0.000, 0.000, 0.000, 1.000]
----------------
[0.106, 0.989, 0.103, 190.297]
[0.006, -0.104, 0.995, 36.421]
[0.994, -0.105, -0.017, 189.001]
[0.000, 0.000, 0.000, 1.000]
----------------
[0.106, 0.989, 0.103, 190.297]
[0.006, -0.104, 0.995, 36.421]
[0.994, -0.105, -0.017, 189.001]
[0.000, 0.000, 0.000, 1.000]
----------------
[0.106, 0.989, 0.103, 190.297]
[0.006, -0.104, 0.995, 36.421]
[0.994, -0.105, -0.017, 189.001]
[0.000, 0.000, 0.000, 1.000]
----------------
[0.106, 0.989, 0.103, 190.297]
[0.006, -0.104, 0.995, 36.421]
[0.994, -0.105, -0.017, 189.001]
[0.000, 0.000, 0.000, 1.000]
----------------
[0.106, 0.989, 0.103, 190.297]
[0.006, -0.104, 0.995, 36.421]
[0.994, -0.105, -0.017, 189.001]
[0.000, 0.000, 0.000, 1.000]
----------------
[0.106, 0.989, 0.103, 190.297]
[0.006, -0.104, 0.995, 36.421]
[0.994, -0.105, -0.017, 189.001]
[0.000, 0.000, 0.000, 1.000]
----------------
[0.106, 0.989, 0.103, 190.297]
[0.006, -0.104, 0.995, 36.421]
[0.994, -0.105, -0.017, 189.001]
[0.000, 0.000, 0.000, 1.000]
----------------
[0.106, 0.989, 0.103, 190.297]
[0.006, -0.104, 0.995, 36.421]
[0.994, -0.105, -0.017, 189.001]
[0.000, 0.000, 0.000, 1.000]
----------------
[0.106, 0.989, 0.103, 190.297]
[0.006, -0.104, 0.995, 36.421]
[0.994, -0.105, -0.017, 189.001]
[0.000, 0.000, 0.000, 1.000]
----------------
[0.106, 0.989, 0.103, 190.297]
[0.006, -0.104, 0.995, 36.421]
[0.994, -0.105, -0.017, 189.001]
[0.000, 0.000, 0.000, 1.000]
----------------
[0.106, 0.989, 0.103, 190.297]
[0.006, -0.104, 0.995, 36.421]
[0.994, -0.105, -0.017, 189.001]
[0.000, 0.000, 0.000, 1.000]
----------------
[0.106, 0.989, 0.103, 190.297]
[0.006, -0.104, 0.995, 36.421]
[0.994, -0.105, -0.017, 189.001]
[0.000, 0.000, 0.000, 1.000]
----------------
[0.106, 0.989, 0.103, 190.297]
[0.006, -0.104, 0.995, 36.421]
[0.994, -0.105, -0.017, 189.001]
[0.000, 0.000, 0.000, 1.000]
----------------
[0.106, 0.989, 0.103, 190.297]
[0.006, -0.104, 0.995, 36.421]
[0.994, -0.105, -0.017, 189.001]
[0.000, 0.000, 0.000, 1.000]
----------------
[0.106, 0.989, 0.103, 190.297]
[0.006, -0.104, 0.995, 36.421]
[0.994, -0.105, -0.017, 189.001]
[0.000, 0.000, 0.000, 1.000]
----------------
[0.106, 0.989, 0.103, 190.297]
[0.006, -0.104, 0.995, 36.421]
[0.994, -0.105, -0.017, 189.001]
[0.000, 0.000, 0.000, 1.000]
----------------
[0.106, 0.989, 0.103, 190.297]
[0.006, -0.104, 0.995, 36.421]
[0.994, -0.105, -0.017, 189.001]
[0.000, 0.000, 0.000, 1.000]
----------------
[0.106, 0.989, 0.103, 190.297]
[0.006, -0.104, 0.995, 36.421]
[0.994, -0.105, -0.017, 189.001]
[0.000, 0.000, 0.000, 1.000]
----------------
[0.106, 0.989, 0.103, 190.297]
[0.006, -0.104, 0.995, 36.421]
[0.994, -0.105, -0.017, 189.001]
[0.000, 0.000, 0.000, 1.000]
----------------
[0.106, 0.989, 0.103, 190.297]
[0.006, -0.104, 0.995, 36.421]
[0.994, -0.105, -0.017, 189.001]
[0.000, 0.000, 0.000, 1.000]
----------------
[0.106, 0.989, 0.103, 190.297]
[0.006, -0.104, 0.995, 36.421]
[0.994, -0.105, -0.017, 189.001]
[0.000, 0.000, 0.000, 1.000]
----------------
[0.106, 0.989, 0.103, 190.297]
[0.006, -0.104, 0.995, 36.421]
[0.994, -0.105, -0.017, 189.001]
[0.000, 0.000, 0.000, 1.000]
----------------
[0.106, 0.989, 0.103, 190.297]
[0.006, -0.104, 0.995, 36.421]
[0.994, -0.105, -0.017, 189.001]
[0.000, 0.000, 0.000, 1.000]
----------------
[0.106, 0.989, 0.103, 190.297]
[0.006, -0.104, 0.995, 36.421]
[0.994, -0.105, -0.017, 189.001]
[0.000, 0.000, 0.000, 1.000]
----------------
[0.106, 0.989, 0.103, 190.297]
[0.006, -0.104, 0.995, 36.421]
[0.994, -0.105, -0.017, 189.001]
[0.000, 0.000, 0.000, 1.000]
----------------
[0.106, 0.989, 0.103, 190.297]
[0.006, -0.104, 0.995, 36.421]
[0.994, -0.105, -0.017, 189.001]
[0.000, 0.000, 0.000, 1.000]
----------------
[0.106, 0.989, 0.103, 190.297]
[0.006, -0.104, 0.995, 36.421]
[0.994, -0.105, -0.017, 189.001]
[0.000, 0.000, 0.000, 1.000]
----------------
[0.106, 0.989, 0.103, 190.297]
[0.006, -0.104, 0.995, 36.421]
[0.994, -0.105, -0.017, 189.001]
[0.000, 0.000, 0.000, 1.000]
----------------
[0.106, 0.989, 0.103, 190.297]
[0.006, -0.104, 0.995, 36.421]
[0.994, -0.105, -0.017, 189.001]
[0.000, 0.000, 0.000, 1.000]
----------------
[0.106, 0.989, 0.103, 190.297]
[0.006, -0.104, 0.995, 36.421]
[0.994, -0.105, -0.017, 189.001]
[0.000, 0.000, 0.000, 1.000]
----------------
[0.106, 0.989, 0.103, 190.297]
[0.006, -0.104, 0.995, 36.421]
[0.994, -0.105, -0.017, 189.001]
[0.000, 0.000, 0.000, 1.000]
----------------
[0.106, 0.989, 0.103, 190.297]
[0.006, -0.104, 0.995, 36.421]
[0.994, -0.105, -0.017, 189.001]
[0.000, 0.000, 0.000, 1.000]
----------------
[0.106, 0.989, 0.103, 190.297]
[0.006, -0.104, 0.995, 36.421]
[0.994, -0.105, -0.017, 189.001]
[0.000, 0.000, 0.000, 1.000]
----------------
[0.106, 0.989, 0.103, 190.297]
[0.006, -0.104, 0.995, 36.421]
[0.994, -0.105, -0.017, 189.001]
[0.000, 0.000, 0.000, 1.000]
----------------
[0.106, 0.989, 0.103, 190.297]
[0.006, -0.104, 0.995, 36.421]
[0.994, -0.105, -0.017, 189.001]
[0.000, 0.000, 0.000, 1.000]
----------------
[0.106, 0.989, 0.103, 190.297]
[0.006, -0.104, 0.995, 36.421]
[0.994, -0.105, -0.017, 189.001]
[0.000, 0.000, 0.000, 1.000]
----------------
[0.106, 0.989, 0.103, 190.297]
[0.006, -0.104, 0.995, 36.421]
[0.994, -0.105, -0.017, 189.001]
[0.000, 0.000, 0.000, 1.000]
----------------
[0.106, 0.989, 0.103, 190.297]
[0.006, -0.104, 0.995, 36.421]
[0.994, -0.105, -0.017, 189.001]
[0.000, 0.000, 0.000, 1.000]
----------------
[0.106, 0.989, 0.103, 190.297]
[0.006, -0.104, 0.995, 36.421]
[0.994, -0.105, -0.017, 189.001]
[0.000, 0.000, 0.000, 1.000]
----------------
[0.106, 0.989, 0.103, 190.297]
[0.006, -0.104, 0.995, 36.421]
[0.994, -0.105, -0.017, 189.001]
[0.000, 0.000, 0.000, 1.000]
----------------
[0.106, 0.989, 0.103, 190.297]
[0.006, -0.104, 0.995, 36.421]
[0.994, -0.105, -0.017, 189.001]
[0.000, 0.000, 0.000, 1.000]
----------------
[0.106, 0.989, 0.103, 190.297]
[0.006, -0.104, 0.995, 36.421]
[0.994, -0.105, -0.017, 189.001]
[0.000, 0.000, 0.000, 1.000]
----------------
[0.106, 0.989, 0.103, 190.297]
[0.006, -0.104, 0.995, 36.421]
[0.994, -0.105, -0.017, 189.001]
[0.000, 0.000, 0.000, 1.000]
----------------
[0.106, 0.989, 0.103, 190.297]
[0.006, -0.104, 0.995, 36.421]
[0.994, -0.105, -0.017, 189.001]
[0.000, 0.000, 0.000, 1.000]
----------------
[0.106, 0.989, 0.103, 190.297]
[0.006, -0.104, 0.995, 36.421]
[0.994, -0.105, -0.017, 189.001]
[0.000, 0.000, 0.000, 1.000]
----------------
[0.106, 0.987, 0.120, 190.904]
[0.005, -0.121, 0.993, 33.095]
[0.994, -0.105, -0.017, 189.001]
[0.000, 0.000, 0.000, 1.000]
----------------
[0.106, 0.985, 0.137, 191.452]
[0.003, -0.138, 0.990, 29.758]
[0.994, -0.105, -0.017, 189.001]
[0.000, 0.000, 0.000, 1.000]
----------------
[0.106, 0.982, 0.155, 191.943]
[0.001, -0.156, 0.988, 26.412]
[0.994, -0.105, -0.017, 189.001]
[0.000, 0.000, 0.000, 1.000]
----------------
[0.106, 0.979, 0.172, 192.374]
[-0.001, -0.173, 0.985, 23.058]
[0.994, -0.105, -0.017, 189.001]
[0.000, 0.000, 0.000, 1.000]
----------------
[0.106, 0.976, 0.189, 192.748]
[-0.003, -0.190, 0.982, 19.697]
[0.994, -0.105, -0.017, 189.001]
[0.000, 0.000, 0.000, 1.000]
----------------
[0.106, 0.973, 0.206, 193.062]
[-0.005, -0.207, 0.978, 16.330]
[0.994, -0.105, -0.017, 189.001]
[0.000, 0.000, 0.000, 1.000]
----------------
[0.106, 0.969, 0.223, 193.318]
[-0.007, -0.224, 0.975, 12.959]
[0.994, -0.105, -0.017, 189.001]
[0.000, 0.000, 0.000, 1.000]
----------------
[0.106, 0.965, 0.240, 193.514]
[-0.008, -0.241, 0.971, 9.583]
[0.994, -0.105, -0.017, 189.001]
[0.000, 0.000, 0.000, 1.000]
----------------
[0.106, 0.965, 0.240, 193.514]
[-0.008, -0.241, 0.971, 9.583]
[0.994, -0.105, -0.017, 189.001]
[0.000, 0.000, 0.000, 1.000]
----------------
[0.106, 0.965, 0.240, 193.514]
[-0.008, -0.241, 0.971, 9.583]
[0.994, -0.105, -0.017, 189.001]
[0.000, 0.000, 0.000, 1.000]
----------------
[0.106, 0.965, 0.240, 193.514]
[-0.008, -0.241, 0.971, 9.583]
[0.994, -0.105, -0.017, 189.001]
[0.000, 0.000, 0.000, 1.000]
----------------
[0.106, 0.965, 0.240, 193.514]
[-0.008, -0.241, 0.971, 9.583]
[0.994, -0.105, -0.017, 189.001]
[0.000, 0.000, 0.000, 1.000]
----------------
[0.106, 0.965, 0.240, 193.514]
[-0.008, -0.241, 0.971, 9.583]
[0.994, -0.105, -0.017, 189.001]
[0.000, 0.000, 0.000, 1.000]
----------------
[0.106, 0.965, 0.240, 193.514]
[-0.008, -0.241, 0.971, 9.583]
[0.994, -0.105, -0.017, 189.001]
[0.000, 0.000, 0.000, 1.000]
----------------
[0.106, 0.965, 0.240, 193.514]
[-0.008, -0.241, 0.971, 9.583]
[0.994, -0.105, -0.017, 189.001]
[0.000, 0.000, 0.000, 1.000]
----------------
[0.106, 0.965, 0.240, 193.514]
[-0.008, -0.241, 0.971, 9.583]
[0.994, -0.105, -0.017, 189.001]
[0.000, 0.000, 0.000, 1.000]
----------------
[0.106, 0.965, 0.240, 193.514]
[-0.008, -0.241, 0.971, 9.583]
[0.994, -0.105, -0.017, 189.001]
[0.000, 0.000, 0.000, 1.000]
----------------
[0.106, 0.965, 0.240, 193.514]
[-0.008, -0.241, 0.971, 9.583]
[0.994, -0.105, -0.017, 189.001]
[0.000, 0.000, 0.000, 1.000]
----------------
[0.106, 0.965, 0.240, 193.514]
[-0.008, -0.241, 0.971, 9.583]
[0.994, -0.105, -0.017, 189.001]
[0.000, 0.000, 0.000, 1.000]
----------------
[0.106, 0.969, 0.223, 193.318]
[-0.007, -0.224, 0.975, 12.959]
[0.994, -0.105, -0.017, 189.001]
[0.000, 0.000, 0.000, 1.000]
----------------
[0.106, 0.973, 0.206, 193.062]
[-0.005, -0.207, 0.978, 16.330]
[0.994, -0.105, -0.017, 189.001]
[0.000, 0.000, 0.000, 1.000]
----------------
[0.106, 0.976, 0.189, 192.748]
[-0.003, -0.190, 0.982, 19.697]
[0.994, -0.105, -0.017, 189.001]
[0.000, 0.000, 0.000, 1.000]
----------------
[0.106, 0.979, 0.172, 192.374]
[-0.001, -0.173, 0.985, 23.058]
[0.994, -0.105, -0.017, 189.001]
[0.000, 0.000, 0.000, 1.000]
----------------
[0.106, 0.982, 0.155, 191.943]
[0.001, -0.156, 0.988, 26.412]
[0.994, -0.105, -0.017, 189.001]
[0.000, 0.000, 0.000, 1.000]
----------------
[0.106, 0.985, 0.137, 191.452]
[0.003, -0.138, 0.990, 29.758]
[0.994, -0.105, -0.017, 189.001]
[0.000, 0.000, 0.000, 1.000]
----------------
[0.106, 0.987, 0.120, 190.904]
[0.005, -0.121, 0.993, 33.095]
[0.994, -0.105, -0.017, 189.001]
[0.000, 0.000, 0.000, 1.000]
----------------
[0.106, 0.987, 0.120, 190.904]
[0.005, -0.121, 0.993, 33.095]
[0.994, -0.105, -0.017, 189.001]
[0.000, 0.000, 0.000, 1.000]
----------------
[0.106, 0.987, 0.120, 190.904]
[0.005, -0.121, 0.993, 33.095]
[0.994, -0.105, -0.017, 189.001]
[0.000, 0.000, 0.000, 1.000]
----------------
[0.106, 0.987, 0.120, 190.904]
[0.005, -0.121, 0.993, 33.095]
[0.994, -0.105, -0.017, 189.001]
[0.000, 0.000, 0.000, 1.000]
----------------
[0.106, 0.987, 0.120, 190.904]
[0.005, -0.121, 0.993, 33.095]
[0.994, -0.105, -0.017, 189.001]
[0.000, 0.000, 0.000, 1.000]
----------------
[0.106, 0.987, 0.120, 190.904]
[0.005, -0.121, 0.993, 33.095]
[0.994, -0.105, -0.017, 189.001]
[0.000, 0.000, 0.000, 1.000]
----------------
[0.106, 0.987, 0.120, 190.904]
[0.005, -0.121, 0.993, 33.095]
[0.994, -0.105, -0.017, 189.001]
[0.000, 0.000, 0.000, 1.000]
----------------
[0.106, 0.987, 0.120, 190.904]
[0.005, -0.121, 0.993, 33.095]
[0.994, -0.105, -0.017, 189.001]
[0.000, 0.000, 0.000, 1.000]
----------------
[0.106, 0.987, 0.120, 190.904]
[0.005, -0.121, 0.993, 33.095]
[0.994, -0.105, -0.017, 189.001]
[0.000, 0.000, 0.000, 1.000]
----------------
[0.106, 0.987, 0.120, 190.904]
[0.005, -0.121, 0.993, 33.095]
[0.994, -0.105, -0.017, 189.001]
[0.000, 0.000, 0.000, 1.000]
----------------
[0.089, 0.989, 0.120, 189.359]
[0.007, -0.121, 0.993, 33.285]
[0.996, -0.087, -0.017, 191.403]
[0.000, 0.000, 0.000, 1.000]
----------------
[0.071, 0.990, 0.121, 187.772]
[0.009, -0.122, 0.993, 33.479]
[0.997, -0.070, -0.017, 193.779]
[0.000, 0.000, 0.000, 1.000]
----------------
[0.054, 0.991, 0.121, 186.144]
[0.011, -0.122, 0.993, 33.679]
[0.998, -0.052, -0.017, 196.126]
[0.000, 0.000, 0.000, 1.000]
----------------
[0.037, 0.992, 0.121, 184.476]
[0.013, -0.122, 0.992, 33.884]
[0.999, -0.035, -0.017, 198.444]
[0.000, 0.000, 0.000, 1.000]
----------------
[0.019, 0.992, 0.122, 182.768]
[0.015, -0.122, 0.992, 34.094]
[1.000, -0.017, -0.017, 200.732]
[0.000, 0.000, 0.000, 1.000]
----------------
[0.002, 0.993, 0.122, 181.021]
[0.017, -0.122, 0.992, 34.308]
[1.000, -0.000, -0.017, 202.990]
[0.000, 0.000, 0.000, 1.000]
----------------
[-0.015, 0.992, 0.122, 179.235]
[0.019, -0.122, 0.992, 34.528]
[1.000, 0.017, -0.017, 205.217]
[0.000, 0.000, 0.000, 1.000]
----------------
[-0.033, 0.992, 0.122, 177.411]
[0.022, -0.122, 0.992, 34.752]
[0.999, 0.035, -0.017, 207.412]
[0.000, 0.000, 0.000, 1.000]
----------------
[-0.050, 0.991, 0.123, 175.548]
[0.024, -0.122, 0.992, 34.980]
[0.998, 0.052, -0.017, 209.575]
[0.000, 0.000, 0.000, 1.000]
----------------
[-0.067, 0.990, 0.123, 173.649]
[0.026, -0.122, 0.992, 35.213]
[0.997, 0.070, -0.017, 211.705]
[0.000, 0.000, 0.000, 1.000]
----------------
[-0.084, 0.989, 0.123, 171.713]
[0.028, -0.121, 0.992, 35.451]
[0.996, 0.087, -0.017, 213.801]
[0.000, 0.000, 0.000, 1.000]
----------------
[-0.102, 0.987, 0.124, 169.741]
[0.030, -0.121, 0.992, 35.693]
[0.994, 0.105, -0.017, 215.862]
[0.000, 0.000, 0.000, 1.000]
----------------
[-0.119, 0.985, 0.124, 167.734]
[0.032, -0.121, 0.992, 35.940]
[0.992, 0.122, -0.017, 217.889]
[0.000, 0.000, 0.000, 1.000]
----------------
[-0.136, 0.983, 0.124, 165.692]
[0.034, -0.121, 0.992, 36.190]
[0.990, 0.139, -0.017, 219.880]
[0.000, 0.000, 0.000, 1.000]
----------------
[-0.153, 0.980, 0.125, 163.615]
[0.036, -0.120, 0.992, 36.445]
[0.988, 0.156, -0.017, 221.835]
[0.000, 0.000, 0.000, 1.000]
----------------
[-0.170, 0.977, 0.125, 161.505]
[0.038, -0.120, 0.992, 36.704]
[0.985, 0.174, -0.017, 223.753]
[0.000, 0.000, 0.000, 1.000]
----------------
[-0.187, 0.974, 0.125, 159.362]
[0.041, -0.120, 0.992, 36.968]
[0.981, 0.191, -0.017, 225.634]
[0.000, 0.000, 0.000, 1.000]
----------------
[-0.204, 0.971, 0.125, 157.187]
[0.043, -0.119, 0.992, 37.235]
[0.978, 0.208, -0.017, 227.476]
[0.000, 0.000, 0.000, 1.000]
----------------
[-0.221, 0.967, 0.126, 154.981]
[0.045, -0.119, 0.992, 37.506]
[0.974, 0.225, -0.017, 229.280]
[0.000, 0.000, 0.000, 1.000]
----------------
[-0.238, 0.963, 0.126, 152.743]
[0.047, -0.118, 0.992, 37.780]
[0.970, 0.242, -0.017, 231.045]
[0.000, 0.000, 0.000, 1.000]
----------------
[-0.255, 0.959, 0.126, 150.475]
[0.049, -0.118, 0.992, 38.059]
[0.966, 0.259, -0.017, 232.771]
[0.000, 0.000, 0.000, 1.000]
----------------
[-0.271, 0.954, 0.127, 148.178]
[0.051, -0.117, 0.992, 38.341]
[0.961, 0.276, -0.017, 234.456]
[0.000, 0.000, 0.000, 1.000]
----------------
[-0.288, 0.949, 0.127, 145.852]
[0.053, -0.117, 0.992, 38.627]
[0.956, 0.292, -0.017, 236.101]
[0.000, 0.000, 0.000, 1.000]
----------------
[-0.305, 0.944, 0.127, 143.498]
[0.055, -0.116, 0.992, 38.916]
[0.951, 0.309, -0.017, 237.704]
[0.000, 0.000, 0.000, 1.000]
----------------
[-0.321, 0.938, 0.127, 141.116]
[0.057, -0.115, 0.992, 39.208]
[0.945, 0.326, -0.017, 239.266]
[0.000, 0.000, 0.000, 1.000]
----------------
[-0.337, 0.933, 0.128, 138.707]
[0.059, -0.115, 0.992, 39.504]
[0.940, 0.342, -0.016, 240.786]
[0.000, 0.000, 0.000, 1.000]
----------------
[-0.354, 0.927, 0.128, 136.273]
[0.061, -0.114, 0.992, 39.803]
[0.933, 0.358, -0.016, 242.263]
[0.000, 0.000, 0.000, 1.000]
----------------
[-0.370, 0.920, 0.128, 133.813]
[0.063, -0.113, 0.992, 40.105]
[0.927, 0.375, -0.016, 243.697]
[0.000, 0.000, 0.000, 1.000]
----------------
[-0.386, 0.914, 0.129, 131.329]
[0.065, -0.112, 0.992, 40.410]
[0.920, 0.391, -0.016, 245.088]
[0.000, 0.000, 0.000, 1.000]
----------------
[-0.402, 0.907, 0.129, 128.821]
[0.067, -0.111, 0.992, 40.718]
[0.913, 0.407, -0.016, 246.435]
[0.000, 0.000, 0.000, 1.000]
----------------
[-0.417, 0.900, 0.129, 126.291]
[0.069, -0.110, 0.991, 41.028]
[0.906, 0.423, -0.016, 247.737]
[0.000, 0.000, 0.000, 1.000]
----------------
[-0.433, 0.892, 0.129, 123.738]
[0.071, -0.110, 0.991, 41.342]
[0.899, 0.438, -0.016, 248.995]
[0.000, 0.000, 0.000, 1.000]
----------------
[-0.448, 0.884, 0.130, 121.163]
[0.073, -0.109, 0.991, 41.658]
[0.891, 0.454, -0.016, 250.208]
[0.000, 0.000, 0.000, 1.000]
----------------
[-0.464, 0.876, 0.130, 118.569]
[0.075, -0.108, 0.991, 41.976]
[0.883, 0.469, -0.015, 251.375]
[0.000, 0.000, 0.000, 1.000]
----------------
[-0.479, 0.868, 0.130, 115.954]
[0.076, -0.107, 0.991, 42.298]
[0.874, 0.485, -0.015, 252.496]
[0.000, 0.000, 0.000, 1.000]
----------------
[-0.494, 0.860, 0.131, 113.320]
[0.078, -0.106, 0.991, 42.621]
[0.866, 0.500, -0.015, 253.572]
[0.000, 0.000, 0.000, 1.000]
----------------
[-0.509, 0.851, 0.131, 110.668]
[0.080, -0.104, 0.991, 42.947]
[0.857, 0.515, -0.015, 254.600]
[0.000, 0.000, 0.000, 1.000]
----------------
[-0.524, 0.842, 0.131, 107.999]
[0.082, -0.103, 0.991, 43.274]
[0.848, 0.530, -0.015, 255.582]
[0.000, 0.000, 0.000, 1.000]
----------------
[-0.538, 0.832, 0.131, 105.313]
[0.084, -0.102, 0.991, 43.604]
[0.839, 0.545, -0.015, 256.517]
[0.000, 0.000, 0.000, 1.000]
----------------
[-0.553, 0.823, 0.132, 102.611]
[0.085, -0.101, 0.991, 43.936]
[0.829, 0.559, -0.014, 257.405]
[0.000, 0.000, 0.000, 1.000]
----------------
[-0.567, 0.813, 0.132, 99.894]
[0.087, -0.100, 0.991, 44.269]
[0.819, 0.574, -0.014, 258.245]
[0.000, 0.000, 0.000, 1.000]
----------------
[-0.581, 0.803, 0.132, 97.163]
[0.089, -0.099, 0.991, 44.605]
[0.809, 0.588, -0.014, 259.037]
[0.000, 0.000, 0.000, 1.000]
----------------
[-0.595, 0.793, 0.132, 94.419]
[0.091, -0.097, 0.991, 44.942]
[0.799, 0.602, -0.014, 259.781]
[0.000, 0.000, 0.000, 1.000]
----------------
[-0.609, 0.782, 0.133, 91.662]
[0.092, -0.096, 0.991, 45.280]
[0.788, 0.616, -0.014, 260.476]
[0.000, 0.000, 0.000, 1.000]
----------------
[-0.622, 0.771, 0.133, 88.894]
[0.094, -0.095, 0.991, 45.620]
[0.777, 0.629, -0.014, 261.123]
[0.000, 0.000, 0.000, 1.000]
----------------
[-0.636, 0.760, 0.133, 86.115]
[0.096, -0.093, 0.991, 45.961]
[0.766, 0.643, -0.013, 261.721]
[0.000, 0.000, 0.000, 1.000]
----------------
[-0.649, 0.749, 0.133, 83.326]
[0.097, -0.092, 0.991, 46.304]
[0.755, 0.656, -0.013, 262.271]
[0.000, 0.000, 0.000, 1.000]
----------------
[-0.662, 0.738, 0.133, 80.528]
[0.099, -0.091, 0.991, 46.647]
[0.743, 0.669, -0.013, 262.771]
[0.000, 0.000, 0.000, 1.000]
----------------
[-0.675, 0.726, 0.134, 77.721]
[0.100, -0.089, 0.991, 46.992]
[0.731, 0.682, -0.013, 263.221]
[0.000, 0.000, 0.000, 1.000]
----------------
[-0.687, 0.714, 0.134, 74.908]
[0.102, -0.088, 0.991, 47.337]
[0.719, 0.695, -0.013, 263.623]
[0.000, 0.000, 0.000, 1.000]
----------------
[-0.700, 0.702, 0.134, 72.087]
[0.103, -0.086, 0.991, 47.684]
[0.707, 0.707, -0.012, 263.975]
[0.000, 0.000, 0.000, 1.000]
----------------
[-0.712, 0.689, 0.134, 69.261]
[0.105, -0.085, 0.991, 48.031]
[0.695, 0.719, -0.012, 264.277]
[0.000, 0.000, 0.000, 1.000]
----------------
[-0.724, 0.677, 0.135, 66.431]
[0.106, -0.083, 0.991, 48.378]
[0.682, 0.731, -0.012, 264.529]
[0.000, 0.000, 0.000, 1.000]
----------------
[-0.735, 0.664, 0.135, 63.596]
[0.108, -0.082, 0.991, 48.726]
[0.669, 0.743, -0.012, 264.732]
[0.000, 0.000, 0.000, 1.000]
----------------
[-0.747, 0.651, 0.135, 60.758]
[0.109, -0.080, 0.991, 49.075]
[0.656, 0.755, -0.011, 264.885]
[0.000, 0.000, 0.000, 1.000]
----------------
[-0.758, 0.638, 0.135, 57.918]
[0.111, -0.078, 0.991, 49.423]
[0.643, 0.766, -0.011, 264.988]
[0.000, 0.000, 0.000, 1.000]
----------------
[-0.769, 0.625, 0.135, 55.077]
[0.112, -0.077, 0.991, 49.772]
[0.629, 0.777, -0.011, 265.041]
[0.000, 0.000, 0.000, 1.000]
----------------
[-0.769, 0.625, 0.135, 55.077]
[0.112, -0.077, 0.991, 49.772]
[0.629, 0.777, -0.011, 265.041]
[0.000, 0.000, 0.000, 1.000]
----------------
[-0.769, 0.625, 0.135, 55.077]
[0.112, -0.077, 0.991, 49.772]
[0.629, 0.777, -0.011, 265.041]
[0.000, 0.000, 0.000, 1.000]
----------------
[-0.769, 0.625, 0.135, 55.077]
[0.112, -0.077, 0.991, 49.772]
[0.629, 0.777, -0.011, 265.041]
[0.000, 0.000, 0.000, 1.000]
----------------
[-0.769, 0.625, 0.135, 55.077]
[0.112, -0.077, 0.991, 49.772]
[0.629, 0.777, -0.011, 265.041]
[0.000, 0.000, 0.000, 1.000]
----------------
[-0.769, 0.625, 0.135, 55.077]
[0.112, -0.077, 0.991, 49.772]
[0.629, 0.777, -0.011, 265.041]
[0.000, 0.000, 0.000, 1.000]
----------------
[-0.769, 0.625, 0.135, 55.077]
[0.112, -0.077, 0.991, 49.772]
[0.629, 0.777, -0.011, 265.041]
[0.000, 0.000, 0.000, 1.000]
----------------
[-0.769, 0.625, 0.135, 55.077]
[0.112, -0.077, 0.991, 49.772]
[0.629, 0.777, -0.011, 265.041]
[0.000, 0.000, 0.000, 1.000]
----------------
[-0.769, 0.625, 0.135, 55.077]
[0.112, -0.077, 0.991, 49.772]
[0.629, 0.777, -0.011, 265.041]
[0.000, 0.000, 0.000, 1.000]
----------------
[-0.769, 0.625, 0.135, 55.077]
[0.112, -0.077, 0.991, 49.772]
[0.629, 0.777, -0.011, 265.041]
[0.000, 0.000, 0.000, 1.000]
----------------
[-0.769, 0.625, 0.135, 55.077]
[0.112, -0.077, 0.991, 49.772]
[0.629, 0.777, -0.011, 265.041]
[0.000, 0.000, 0.000, 1.000]
----------------
[-0.769, 0.625, 0.135, 55.077]
[0.112, -0.077, 0.991, 49.772]
[0.629, 0.777, -0.011, 265.041]
[0.000, 0.000, 0.000, 1.000]
----------------
[-0.769, 0.625, 0.135, 55.077]
[0.112, -0.077, 0.991, 49.772]
[0.629, 0.777, -0.011, 265.041]
[0.000, 0.000, 0.000, 1.000]
----------------
[-0.769, 0.625, 0.135, 55.077]
[0.112, -0.077, 0.991, 49.772]
[0.629, 0.777, -0.011, 265.041]
[0.000, 0.000, 0.000, 1.000]
----------------
[-0.758, 0.638, 0.135, 57.918]
[0.111, -0.078, 0.991, 49.423]
[0.643, 0.766, -0.011, 264.988]
[0.000, 0.000, 0.000, 1.000]
----------------
[-0.747, 0.651, 0.135, 60.758]
[0.109, -0.080, 0.991, 49.075]
[0.656, 0.755, -0.011, 264.885]
[0.000, 0.000, 0.000, 1.000]
----------------
[-0.735, 0.664, 0.135, 63.596]
[0.108, -0.082, 0.991, 48.726]
[0.669, 0.743, -0.012, 264.732]
[0.000, 0.000, 0.000, 1.000]
----------------
[-0.724, 0.677, 0.135, 66.431]
[0.106, -0.083, 0.991, 48.378]
[0.682, 0.731, -0.012, 264.529]
[0.000, 0.000, 0.000, 1.000]
----------------
[-0.712, 0.689, 0.134, 69.261]
[0.105, -0.085, 0.991, 48.031]
[0.695, 0.719, -0.012, 264.277]
[0.000, 0.000, 0.000, 1.000]
----------------
[-0.700, 0.702, 0.134, 72.087]
[0.103, -0.086, 0.991, 47.684]
[0.707, 0.707, -0.012, 263.975]
[0.000, 0.000, 0.000, 1.000]
----------------
[-0.687, 0.714, 0.134, 74.908]
[0.102, -0.088, 0.991, 47.337]
[0.719, 0.695, -0.013, 263.623]
[0.000, 0.000, 0.000, 1.000]
----------------
[-0.675, 0.726, 0.134, 77.721]
[0.100, -0.089, 0.991, 46.992]
[0.731, 0.682, -0.013, 263.221]
[0.000, 0.000, 0.000, 1.000]
----------------
[-0.662, 0.738, 0.133, 80.528]
[0.099, -0.091, 0.991, 46.647]
[0.743, 0.669, -0.013, 262.771]
[0.000, 0.000, 0.000, 1.000]
----------------
[-0.649, 0.749, 0.133, 83.326]
[0.097, -0.092, 0.991, 46.304]
[0.755, 0.656, -0.013, 262.271]
[0.000, 0.000, 0.000, 1.000]
----------------
[-0.636, 0.760, 0.133, 86.115]
[0.096, -0.093, 0.991, 45.961]
[0.766, 0.643, -0.013, 261.721]
[0.000, 0.000, 0.000, 1.000]
----------------
[-0.622, 0.771, 0.133, 88.894]
[0.094, -0.095, 0.991, 45.620]
[0.777, 0.629, -0.014, 261.123]
[0.000, 0.000, 0.000, 1.000]
----------------
[-0.609, 0.782, 0.133, 91.662]
[0.092, -0.096, 0.991, 45.280]
[0.788, 0.616, -0.014, 260.476]
[0.000, 0.000, 0.000, 1.000]
----------------
[-0.595, 0.793, 0.132, 94.419]
[0.091, -0.097, 0.991, 44.942]
[0.799, 0.602, -0.014, 259.781]
[0.000, 0.000, 0.000, 1.000]
----------------
[-0.581, 0.803, 0.132, 97.163]
[0.089, -0.099, 0.991, 44.605]
[0.809, 0.588, -0.014, 259.037]
[0.000, 0.000, 0.000, 1.000]
----------------
[-0.567, 0.813, 0.132, 99.894]
[0.087, -0.100, 0.991, 44.269]
[0.819, 0.574, -0.014, 258.245]
[0.000, 0.000, 0.000, 1.000]
----------------
[-0.553, 0.823, 0.132, 102.611]
[0.085, -0.101, 0.991, 43.936]
[0.829, 0.559, -0.014, 257.405]
[0.000, 0.000, 0.000, 1.000]
----------------
[-0.538, 0.832, 0.131, 105.313]
[0.084, -0.102, 0.991, 43.604]
[0.839, 0.545, -0.015, 256.517]
[0.000, 0.000, 0.000, 1.000]
----------------
[-0.524, 0.842, 0.131, 107.999]
[0.082, -0.103, 0.991, 43.274]
[0.848, 0.530, -0.015, 255.582]
[0.000, 0.000, 0.000, 1.000]
----------------
[-0.509, 0.851, 0.131, 110.668]
[0.080, -0.104, 0.991, 42.947]
[0.857, 0.515, -0.015, 254.600]
[0.000, 0.000, 0.000, 1.000]
----------------
[-0.494, 0.860, 0.131, 113.320]
[0.078, -0.106, 0.991, 42.621]
[0.866, 0.500, -0.015, 253.572]
[0.000, 0.000, 0.000, 1.000]
----------------
[-0.479, 0.868, 0.130, 115.954]
[0.076, -0.107, 0.991, 42.298]
[0.874, 0.485, -0.015, 252.496]
[0.000, 0.000, 0.000, 1.000]
----------------
[-0.464, 0.876, 0.130, 118.569]
[0.075, -0.108, 0.991, 41.976]
[0.883, 0.469, -0.015, 251.375]
[0.000, 0.000, 0.000, 1.000]
----------------
[-0.448, 0.884, 0.130, 121.163]
[0.073, -0.109, 0.991, 41.658]
[0.891, 0.454, -0.016, 250.208]
[0.000, 0.000, 0.000, 1.000]
----------------
[-0.433, 0.892, 0.129, 123.738]
[0.071, -0.110, 0.991, 41.342]
[0.899, 0.438, -0.016, 248.995]
[0.000, 0.000, 0.000, 1.000]
----------------
[-0.417, 0.900, 0.129, 126.291]
[0.069, -0.110, 0.991, 41.028]
[0.906, 0.423, -0.016, 247.737]
[0.000, 0.000, 0.000, 1.000]
----------------
[-0.402, 0.907, 0.129, 128.821]
[0.067, -0.111, 0.992, 40.718]
[0.913, 0.407, -0.016, 246.435]
[0.000, 0.000, 0.000, 1.000]
----------------
[-0.386, 0.914, 0.129, 131.329]
[0.065, -0.112, 0.992, 40.410]
[0.920, 0.391, -0.016, 245.088]
[0.000, 0.000, 0.000, 1.000]
----------------
[-0.370, 0.920, 0.128, 133.813]
[0.063, -0.113, 0.992, 40.105]
[0.927, 0.375, -0.016, 243.697]
[0.000, 0.000, 0.000, 1.000]
----------------
[-0.354, 0.927, 0.128, 136.273]
[0.061, -0.114, 0.992, 39.803]
[0.933, 0.358, -0.016, 242.263]
[0.000, 0.000, 0.000, 1.000]
----------------
[-0.337, 0.933, 0.128, 138.707]
[0.059, -0.115, 0.992, 39.504]
[0.940, 0.342, -0.016, 240.786]
[0.000, 0.000, 0.000, 1.000]
----------------
[-0.321, 0.938, 0.127, 141.116]
[0.057, -0.115, 0.992, 39.208]
[0.945, 0.326, -0.017, 239.266]
[0.000, 0.000, 0.000, 1.000]
----------------
[-0.305, 0.944, 0.127, 143.498]
[0.055, -0.116, 0.992, 38.916]
[0.951, 0.309, -0.017, 237.704]
[0.000, 0.000, 0.000, 1.000]
----------------
[-0.288, 0.949, 0.127, 145.852]
[0.053, -0.117, 0.992, 38.627]
[0.956, 0.292, -0.017, 236.101]
[0.000, 0.000, 0.000, 1.000]
----------------
[-0.271, 0.954, 0.127, 148.178]
[0.051, -0.117, 0.992, 38.341]
[0.961, 0.276, -0.017, 234.456]
[0.000, 0.000, 0.000, 1.000]
----------------
[-0.255, 0.959, 0.126, 150.475]
[0.049, -0.118, 0.992, 38.059]
[0.966, 0.259, -0.017, 232.771]
[0.000, 0.000, 0.000, 1.000]
----------------
[-0.238, 0.963, 0.126, 152.743]
[0.047, -0.118, 0.992, 37.780]
[0.970, 0.242, -0.017, 231.045]
[0.000, 0.000, 0.000, 1.000]
----------------
[-0.221, 0.967, 0.126, 154.981]
[0.045, -0.119, 0.992, 37.506]
[0.974, 0.225, -0.017, 229.280]
[0.000, 0.000, 0.000, 1.000]
----------------
[-0.204, 0.971, 0.125, 157.187]
[0.043, -0.119, 0.992, 37.235]
[0.978, 0.208, -0.017, 227.476]
[0.000, 0.000, 0.000, 1.000]
----------------
[-0.187, 0.974, 0.125, 159.362]
[0.041, -0.120, 0.992, 36.968]
[0.981, 0.191, -0.017, 225.634]
[0.000, 0.000, 0.000, 1.000]
----------------
[-0.170, 0.977, 0.125, 161.505]
[0.038, -0.120, 0.992, 36.704]
[0.985, 0.174, -0.017, 223.753]
[0.000, 0.000, 0.000, 1.000]
----------------
[-0.153, 0.980, 0.125, 163.615]
[0.036, -0.120, 0.992, 36.445]
[0.988, 0.156, -0.017, 221.835]
[0.000, 0.000, 0.000, 1.000]
----------------
[-0.136, 0.983, 0.124, 165.692]
[0.034, -0.121, 0.992, 36.190]
[0.990, 0.139, -0.017, 219.880]
[0.000, 0.000, 0.000, 1.000]
----------------
[-0.119, 0.985, 0.124, 167.734]
[0.032, -0.121, 0.992, 35.940]
[0.992, 0.122, -0.017, 217.889]
[0.000, 0.000, 0.000, 1.000]
----------------
[-0.102, 0.987, 0.124, 169.741]
[0.030, -0.121, 0.992, 35.693]
[0.994, 0.105, -0.017, 215.862]
[0.000, 0.000, 0.000, 1.000]
----------------
[-0.084, 0.989, 0.123, 171.713]
[0.028, -0.121, 0.992, 35.451]
[0.996, 0.087, -0.017, 213.801]
[0.000, 0.000, 0.000, 1.000]
----------------
[-0.067, 0.990, 0.123, 173.649]
[0.026, -0.122, 0.992, 35.213]
[0.997, 0.070, -0.017, 211.705]
[0.000, 0.000, 0.000, 1.000]
----------------
[-0.050, 0.991, 0.123, 175.548]
[0.024, -0.122, 0.992, 34.980]
[0.998, 0.052, -0.017, 209.575]
[0.000, 0.000, 0.000, 1.000]
----------------
[-0.033, 0.992, 0.122, 177.411]
[0.022, -0.122, 0.992, 34.752]
[0.999, 0.035, -0.017, 207.412]
[0.000, 0.000, 0.000, 1.000]
----------------
[-0.015, 0.992, 0.122, 179.235]
[0.019, -0.122, 0.992, 34.528]
[1.000, 0.017, -0.017, 205.217]
[0.000, 0.000, 0.000, 1.000]
----------------
[0.002, 0.993, 0.122, 181.021]
[0.017, -0.122, 0.992, 34.308]
[1.000, -0.000, -0.017, 202.990]
[0.000, 0.000, 0.000, 1.000]
----------------
[0.019, 0.992, 0.122, 182.768]
[0.015, -0.122, 0.992, 34.094]
[1.000, -0.017, -0.017, 200.732]
[0.000, 0.000, 0.000, 1.000]
----------------
[0.037, 0.992, 0.121, 184.476]
[0.013, -0.122, 0.992, 33.884]
[0.999, -0.035, -0.017, 198.444]
[0.000, 0.000, 0.000, 1.000]
----------------
[0.037, 0.992, 0.121, 184.476]
[0.013, -0.122, 0.992, 33.884]
[0.999, -0.035, -0.017, 198.444]
[0.000, 0.000, 0.000, 1.000]
----------------
[0.037, 0.992, 0.121, 184.476]
[0.013, -0.122, 0.992, 33.884]
[0.999, -0.035, -0.017, 198.444]
[0.000, 0.000, 0.000, 1.000]
----------------
[0.037, 0.992, 0.121, 184.476]
[0.013, -0.122, 0.992, 33.884]
[0.999, -0.035, -0.017, 198.444]
[0.000, 0.000, 0.000, 1.000]
----------------
[0.037, 0.992, 0.121, 184.476]
[0.013, -0.122, 0.992, 33.884]
[0.999, -0.035, -0.017, 198.444]
[0.000, 0.000, 0.000, 1.000]
----------------
[0.037, 0.992, 0.121, 184.476]
[0.013, -0.122, 0.992, 33.884]
[0.999, -0.035, -0.017, 198.444]
[0.000, 0.000, 0.000, 1.000]
----------------
[0.037, 0.992, 0.121, 184.476]
[0.013, -0.122, 0.992, 33.884]
[0.999, -0.035, -0.017, 198.444]
[0.000, 0.000, 0.000, 1.000]
----------------
[0.037, 0.992, 0.121, 184.476]
[0.013, -0.122, 0.992, 33.884]
[0.999, -0.035, -0.017, 198.444]
[0.000, 0.000, 0.000, 1.000]
----------------
[0.037, 0.992, 0.121, 184.476]
[0.013, -0.122, 0.992, 33.884]
[0.999, -0.035, -0.017, 198.444]
[0.000, 0.000, 0.000, 1.000]
----------------
[0.037, 0.992, 0.121, 184.476]
[0.013, -0.122, 0.992, 33.884]
[0.999, -0.035, -0.017, 198.444]
[0.000, 0.000, 0.000, 1.000]
----------------
[0.037, 0.992, 0.121, 184.476]
[0.013, -0.122, 0.992, 33.884]
[0.999, -0.035, -0.017, 198.444]
[0.000, 0.000, 0.000, 1.000]
----------------
[0.037, 0.992, 0.121, 184.476]
[0.013, -0.122, 0.992, 33.884]
[0.999, -0.035, -0.017, 198.444]
[0.000, 0.000, 0.000, 1.000]
----------------
[0.037, 0.992, 0.121, 184.476]
[0.013, -0.122, 0.992, 33.884]
[0.999, -0.035, -0.017, 198.444]
[0.000, 0.000, 0.000, 1.000]
----------------
[0.037, 0.992, 0.121, 184.476]
[0.013, -0.122, 0.992, 33.884]
[0.999, -0.035, -0.017, 198.444]
[0.000, 0.000, 0.000, 1.000]
----------------
[0.037, 0.992, 0.121, 184.476]
[0.013, -0.122, 0.992, 33.884]
[0.999, -0.035, -0.017, 198.444]
[0.000, 0.000, 0.000, 1.000]
----------------
[0.037, 0.992, 0.121, 184.476]
[0.013, -0.122, 0.992, 33.884]
[0.999, -0.035, -0.017, 198.444]
[0.000, 0.000, 0.000, 1.000]
----------------
[0.037, 0.992, 0.121, 184.476]
[0.013, -0.122, 0.992, 33.884]
[0.999, -0.035, -0.017, 198.444]
[0.000, 0.000, 0.000, 1.000]
----------------
[0.037, 0.992, 0.121, 184.476]
[0.013, -0.122, 0.992, 33.884]
[0.999, -0.035, -0.017, 198.444]
[0.000, 0.000, 0.000, 1.000]
----------------
[0.037, 0.992, 0.121, 184.476]
[0.013, -0.122, 0.992, 33.884]
[0.999, -0.035, -0.017, 198.444]
[0.000, 0.000, 0.000, 1.000]
----------------
[0.037, 0.992, 0.121, 184.476]
[0.013, -0.122, 0.992, 33.884]
[0.999, -0.035, -0.017, 198.444]
[0.000, 0.000, 0.000, 1.000]
----------------
[0.037, 0.992, 0.121, 184.476]
[0.013, -0.122, 0.992, 33.884]
[0.999, -0.035, -0.017, 198.444]
[0.000, 0.000, 0.000, 1.000]
----------------
[0.037, 0.992, 0.121, 184.476]
[0.013, -0.122, 0.992, 33.884]
[0.999, -0.035, -0.017, 198.444]
[0.000, 0.000, 0.000, 1.000]
----------------
[0.037, 0.992, 0.121, 184.476]
[0.013, -0.122, 0.992, 33.884]
[0.999, -0.035, -0.017, 198.444]
[0.000, 0.000, 0.000, 1.000]
----------------
[0.037, 0.992, 0.121, 184.476]
[0.013, -0.122, 0.992, 33.884]
[0.999, -0.035, -0.017, 198.444]
[0.000, 0.000, 0.000, 1.000]
----------------
[0.037, 0.992, 0.121, 184.476]
[0.013, -0.122, 0.992, 33.884]
[0.999, -0.035, -0.017, 198.444]
[0.000, 0.000, 0.000, 1.000]
----------------
[0.037, 0.992, 0.121, 184.476]
[0.013, -0.122, 0.992, 33.884]
[0.999, -0.035, -0.017, 198.444]
[0.000, 0.000, 0.000, 1.000]
----------------
[0.037, 0.992, 0.121, 184.476]
[0.013, -0.122, 0.992, 33.884]
[0.999, -0.035, -0.017, 198.444]
[0.000, 0.000, 0.000, 1.000]
----------------
[0.037, 0.992, 0.121, 184.476]
[0.013, -0.122, 0.992, 33.884]
[0.999, -0.035, -0.017, 198.444]
[0.000, 0.000, 0.000, 1.000]
----------------
[0.037, 0.992, 0.121, 184.476]
[0.013, -0.122, 0.992, 33.884]
[0.999, -0.035, -0.017, 198.444]
[0.000, 0.000, 0.000, 1.000]
----------------
[0.037, 0.992, 0.121, 184.476]
[0.013, -0.122, 0.992, 33.884]
[0.999, -0.035, -0.017, 198.444]
[0.000, 0.000, 0.000, 1.000]
----------------
[0.037, 0.992, 0.121, 184.476]
[0.013, -0.122, 0.992, 33.884]
[0.999, -0.035, -0.017, 198.444]
[0.000, 0.000, 0.000, 1.000]
----------------
[0.037, 0.992, 0.121, 184.476]
[0.013, -0.122, 0.992, 33.884]
[0.999, -0.035, -0.017, 198.444]
[0.000, 0.000, 0.000, 1.000]
----------------
[0.037, 0.992, 0.121, 184.476]
[0.013, -0.122, 0.992, 33.884]
[0.999, -0.035, -0.017, 198.444]
[0.000, 0.000, 0.000, 1.000]
----------------
[0.037, 0.992, 0.121, 184.476]
[0.013, -0.122, 0.992, 33.884]
[0.999, -0.035, -0.017, 198.444]
[0.000, 0.000, 0.000, 1.000]
----------------
[0.037, 0.992, 0.121, 184.476]
[0.013, -0.122, 0.992, 33.884]
[0.999, -0.035, -0.017, 198.444]
[0.000, 0.000, 0.000, 1.000]
----------------
[0.037, 0.992, 0.121, 184.476]
[0.013, -0.122, 0.992, 33.884]
[0.999, -0.035, -0.017, 198.444]
[0.000, 0.000, 0.000, 1.000]
----------------
[0.037, 0.992, 0.121, 184.476]
[0.013, -0.122, 0.992, 33.884]
[0.999, -0.035, -0.017, 198.444]
[0.000, 0.000, 0.000, 1.000]
----------------
[0.037, 0.992, 0.121, 184.476]
[0.013, -0.122, 0.992, 33.884]
[0.999, -0.035, -0.017, 198.444]
[0.000, 0.000, 0.000, 1.000]
----------------
[0.037, 0.992, 0.121, 184.476]
[0.013, -0.122, 0.992, 33.884]
[0.999, -0.035, -0.017, 198.444]
[0.000, 0.000, 0.000, 1.000]
----------------
[0.037, 0.992, 0.121, 184.476]
[0.013, -0.122, 0.992, 33.884]
[0.999, -0.035, -0.017, 198.444]
[0.000, 0.000, 0.000, 1.000]
----------------
[0.037, 0.992, 0.121, 184.476]
[0.013, -0.122, 0.992, 33.884]
[0.999, -0.035, -0.017, 198.444]
[0.000, 0.000, 0.000, 1.000]
----------------
[0.037, 0.992, 0.121, 184.476]
[0.013, -0.122, 0.992, 33.884]
[0.999, -0.035, -0.017, 198.444]
[0.000, 0.000, 0.000, 1.000]
----------------
[0.037, 0.992, 0.121, 184.476]
[0.013, -0.122, 0.992, 33.884]
[0.999, -0.035, -0.017, 198.444]
[0.000, 0.000, 0.000, 1.000]
----------------
[0.037, 0.992, 0.121, 184.476]
[0.013, -0.122, 0.992, 33.884]
[0.999, -0.035, -0.017, 198.444]
[0.000, 0.000, 0.000, 1.000]
----------------
[0.037, 0.992, 0.121, 184.476]
[0.013, -0.122, 0.992, 33.884]
[0.999, -0.035, -0.017, 198.444]
[0.000, 0.000, 0.000, 1.000]
----------------
